0.302573 -0.011655 -0.038410
0.300362 -0.012139 -0.036597
0.300120 -0.011681 -0.036038
0.299291 -0.011671 -0.036192
0.298097 -0.012396 -0.034471
0.297622 -0.013163 -0.034127
0.295903 -0.014575 -0.034092
0.295432 -0.015409 -0.033757
0.294484 -0.016353 -0.032859
0.293495 -0.017346 -0.033000
0.292784 -0.017847 -0.033190
0.292286 -0.018039 -0.033389
0.291988 -0.018216 -0.033537
0.291451 -0.018533 -0.033747
0.291478 -0.018319 -0.034271
0.291393 -0.018182 -0.034742
0.291923 -0.017610 -0.035086
0.292509 -0.016694 -0.035256
0.292827 -0.016358 -0.034908
0.293304 -0.015687 -0.035016
0.293491 -0.015269 -0.034856
0.293845 -0.014760 -0.034691
0.294035 -0.014351 -0.034177
0.294474 -0.013763 -0.033327
0.294867 -0.013426 -0.032382
0.295299 -0.013336 -0.030245
0.295928 -0.012972 -0.028907
0.296628 -0.012615 -0.027496
0.297176 -0.012168 -0.026529
0.297985 -0.011767 -0.026347
0.298537 -0.011195 -0.026309
0.300066 -0.010017 -0.028692
0.301253 -0.008335 -0.034503
0.304320 -0.005777 -0.037187
0.309121 -0.001405 -0.038710
0.317995 0.005018 -0.034084
0.327402 0.012541 -0.028301
0.337246 0.020933 -0.017402
0.345767 0.030208 -0.002769
0.352217 0.038713 0.016522
0.358667 0.050926 0.037396
0.363128 0.064142 0.060479
0.367429 0.080060 0.079557
0.369161 0.096787 0.099654
0.369617 0.113730 0.117027
0.368197 0.130433 0.134301
0.365947 0.146411 0.148167
0.362843 0.161060 0.160664
0.359360 0.175758 0.171486
0.356856 0.188642 0.179022
0.355494 0.199120 0.183224
0.354031 0.207007 0.186470
0.352664 0.212517 0.189070
0.353662 0.217576 0.188616
0.356344 0.222159 0.185853
0.358776 0.227827 0.182192
0.365608 0.225768 0.172106
0.372465 0.214594 0.160169
0.379292 0.193820 0.145143
0.383890 0.163831 0.125639
0.380993 0.125568 0.105126
0.374481 0.094681 0.086248
0.370687 0.075939 0.068774
0.368199 0.067578 0.057479
0.369423 0.067987 0.049888
0.367954 0.065700 0.044857
0.365258 0.061546 0.042739
0.361367 0.056822 0.044210
0.356227 0.050091 0.043562
0.354012 0.047325 0.044061
0.353613 0.046767 0.043498
0.356565 0.049512 0.041092
0.359640 0.052091 0.037381
0.364332 0.057719 0.034371
0.370184 0.064360 0.029279
0.375542 0.071198 0.027358
0.381365 0.080308 0.026551
0.387413 0.090543 0.028578
0.393750 0.105542 0.037053
0.398401 0.121665 0.051306
0.399002 0.134673 0.069092
0.396880 0.146159 0.088897
0.392113 0.154858 0.107040
0.386305 0.160570 0.124028
0.381415 0.164550 0.136270
0.377342 0.164785 0.144914
0.374864 0.162148 0.148703
0.372775 0.158262 0.151175
0.371406 0.154464 0.152629
0.371222 0.151600 0.152126
0.371810 0.150162 0.150549
0.374634 0.148682 0.144922
0.378720 0.146708 0.136053
0.382989 0.142446 0.124777
0.387466 0.135987 0.110473
0.391783 0.128293 0.093406
0.393178 0.118371 0.077539
0.393486 0.108570 0.061812
0.391346 0.095515 0.046481
0.388238 0.082834 0.029112
0.383549 0.071510 0.015407
0.376886 0.058913 -0.000733
0.368913 0.046812 -0.012202
0.361170 0.037775 -0.023942
0.351651 0.027800 -0.035149
0.341864 0.019720 -0.041958
0.333834 0.013169 -0.046578
0.325869 0.007423 -0.049267
0.319885 0.002931 -0.051384
0.314766 -0.000428 -0.051399
0.311790 -0.003035 -0.050690
0.309257 -0.004714 -0.050359
0.308323 -0.005274 -0.049470
0.307147 -0.006151 -0.049885
0.306523 -0.006556 -0.050450
0.305944 -0.007165 -0.050603
0.305207 -0.007861 -0.049519
0.304705 -0.008321 -0.049058
0.304428 -0.008775 -0.048585
0.303749 -0.009833 -0.047344
0.302785 -0.010718 -0.046658
0.301579 -0.011853 -0.045629
0.301148 -0.012331 -0.045009
0.301044 -0.012691 -0.043636
0.301044 -0.012859 -0.043365
0.301596 -0.012770 -0.041486
0.302201 -0.012587 -0.039779
0.303364 -0.011767 -0.038817
0.304078 -0.011692 -0.038692
0.305078 -0.011106 -0.038550
0.305974 -0.010349 -0.037338
0.307106 -0.009175 -0.038845
0.310011 -0.007252 -0.036858
0.308787 -0.009446 -0.036687
0.310261 -0.006605 -0.037102
0.313573 -0.006802 -0.031117
