0.401649 -0.183838 0.112377
0.401080 -0.184961 0.112360
0.397498 -0.185413 0.114078
0.396382 -0.185739 0.113719
0.393101 -0.188155 0.114803
0.394154 -0.189025 0.114042
0.391616 -0.191589 0.113233
0.390567 -0.192599 0.113732
0.389034 -0.194251 0.114153
0.387936 -0.195076 0.114284
0.386699 -0.196057 0.113851
0.385920 -0.196580 0.113430
0.385589 -0.196741 0.113321
0.384656 -0.197347 0.113012
0.385169 -0.196842 0.112533
0.385577 -0.196438 0.112070
0.386499 -0.195658 0.111727
0.388213 -0.194400 0.111239
0.389196 -0.193522 0.111808
0.391384 -0.192551 0.110927
0.392645 -0.191807 0.110756
0.393401 -0.191052 0.110943
0.393458 -0.190311 0.111949
0.392954 -0.188989 0.114311
0.392254 -0.187809 0.116970
0.391046 -0.186610 0.121441
0.390522 -0.185343 0.124522
0.389326 -0.184356 0.127784
0.388675 -0.183172 0.130268
0.387954 -0.181659 0.132530
0.385746 -0.179430 0.135838
0.385249 -0.172521 0.140234
0.382858 -0.160402 0.145542
0.378652 -0.141903 0.158118
0.371783 -0.115360 0.174098
0.360483 -0.077787 0.197299
0.346201 -0.038323 0.215132
0.332297 -0.001479 0.230938
0.320867 0.033190 0.245366
0.303617 0.064980 0.259725
0.289913 0.096608 0.272738
0.273826 0.128536 0.284261
0.255550 0.157665 0.288507
0.234138 0.184949 0.289907
0.211220 0.207085 0.285535
0.190752 0.224778 0.281990
0.173282 0.239403 0.276355
0.158803 0.249581 0.273498
0.147089 0.259529 0.272101
0.140067 0.269929 0.271730
0.136426 0.279162 0.271555
0.134309 0.285532 0.274537
0.133942 0.291819 0.278910
0.136096 0.295629 0.282276
0.140571 0.297998 0.285301
0.147828 0.305402 0.290279
0.164541 0.312787 0.291266
0.189284 0.322383 0.290654
0.228723 0.330094 0.289912
0.282419 0.327472 0.284148
0.346806 0.301195 0.278867
0.400261 0.265986 0.265663
0.441049 0.231894 0.250232
0.463009 0.205964 0.242032
0.479101 0.190974 0.237091
0.484022 0.175558 0.236322
0.490087 0.158310 0.235753
0.496083 0.138384 0.237598
0.502669 0.120423 0.232792
0.513864 0.107056 0.225937
0.521644 0.104455 0.218533
0.529961 0.109024 0.210183
0.533730 0.116542 0.203930
0.532644 0.130581 0.203374
0.526428 0.141443 0.207733
0.509438 0.155021 0.220348
0.484478 0.167345 0.236293
0.452072 0.181668 0.251547
0.411834 0.198518 0.267765
0.362157 0.214529 0.279916
0.309334 0.227485 0.282505
0.262586 0.235356 0.279183
0.225180 0.243046 0.270001
0.198953 0.247423 0.263868
0.182552 0.254848 0.256684
0.174052 0.260664 0.252989
0.171741 0.265100 0.250396
0.171602 0.269558 0.247832
0.172943 0.272597 0.246739
0.174736 0.272351 0.247057
0.177539 0.269762 0.251319
0.181138 0.262445 0.253629
0.186910 0.252923 0.254912
0.195166 0.240717 0.256174
0.206074 0.224939 0.256706
0.220616 0.209289 0.255705
0.236691 0.186691 0.259319
0.252985 0.163418 0.260434
0.268642 0.137137 0.259580
0.285229 0.110142 0.254597
0.301215 0.086610 0.250338
0.317955 0.060216 0.241600
0.333474 0.032590 0.234256
0.355090 0.001936 0.222794
0.375686 -0.029658 0.206347
0.393705 -0.060638 0.188378
0.408114 -0.087141 0.169339
0.414753 -0.109357 0.152381
0.415907 -0.126835 0.138722
0.413635 -0.139076 0.130813
0.408204 -0.147832 0.128022
0.403733 -0.153687 0.125939
0.399461 -0.157419 0.125874
0.397027 -0.160395 0.124271
0.395827 -0.163109 0.121931
0.395167 -0.166027 0.119697
0.394390 -0.169349 0.118314
0.394318 -0.172297 0.116112
0.395286 -0.175597 0.113016
0.396408 -0.178286 0.111519
0.397372 -0.180400 0.109743
0.398071 -0.182850 0.108153
0.399435 -0.184840 0.105922
0.401582 -0.186300 0.104525
0.404652 -0.187566 0.101351
0.407706 -0.188583 0.100043
0.410651 -0.188748 0.099524
0.414712 -0.188431 0.097533
0.417898 -0.187758 0.096383
0.421503 -0.186758 0.094834
0.424772 -0.184268 0.096226
0.427770 -0.180490 0.096398
0.433824 -0.174423 0.100707
0.429676 -0.177444 0.102461
0.433549 -0.169429 0.106035
0.438272 -0.161815 0.119286
