0.391998 -0.315594 -0.053538
0.388440 -0.315948 -0.050720
0.388029 -0.314982 -0.049429
0.386687 -0.314779 -0.049634
0.384811 -0.315880 -0.046819
0.384098 -0.317274 -0.046481
0.381455 -0.319712 -0.046323
0.380772 -0.321263 -0.045764
0.379320 -0.322905 -0.044312
0.377807 -0.324673 -0.044620
0.376707 -0.325531 -0.044900
0.375921 -0.325815 -0.045234
0.375451 -0.326105 -0.045558
0.374609 -0.326627 -0.045961
0.374633 -0.326222 -0.046876
0.374484 -0.325945 -0.047660
0.375293 -0.324932 -0.048168
0.376157 -0.323233 -0.048435
0.376639 -0.322617 -0.047851
0.377345 -0.321381 -0.048061
0.377604 -0.320579 -0.047841
0.378128 -0.319633 -0.047544
0.378388 -0.318836 -0.046769
0.379031 -0.317722 -0.045441
0.379626 -0.317100 -0.043952
0.380306 -0.316943 -0.040508
0.381285 -0.316316 -0.038316
0.382379 -0.315719 -0.036006
0.383225 -0.314928 -0.034335
0.384494 -0.314304 -0.034094
0.385334 -0.313292 -0.033971
0.387710 -0.311366 -0.037812
0.389486 -0.308489 -0.047402
0.394233 -0.304242 -0.051707
0.401570 -0.296786 -0.054651
0.415352 -0.286192 -0.047364
0.429938 -0.273808 -0.038365
0.445254 -0.260111 -0.020840
0.458403 -0.244818 0.002374
0.468443 -0.231091 0.033517
0.478328 -0.211155 0.067389
0.485120 -0.189842 0.104857
0.491501 -0.163977 0.135891
0.493769 -0.136794 0.168655
0.494046 -0.109357 0.196762
0.491400 -0.082476 0.224941
0.487440 -0.056687 0.247388
0.482190 -0.033173 0.267799
0.476310 -0.009543 0.285510
0.472040 0.011110 0.297929
0.469549 0.028043 0.304935
0.466912 0.040870 0.310434
0.464603 0.049705 0.314764
0.465970 0.057919 0.314213
0.470048 0.065343 0.309835
0.473529 0.074885 0.303799
0.484214 0.071940 0.287280
0.495327 0.054146 0.267539
0.506816 0.020540 0.242898
0.515220 -0.028306 0.210671
0.511850 -0.090500 0.177006
0.502486 -0.140822 0.146248
0.497142 -0.171754 0.117687
0.493339 -0.185158 0.099275
0.495060 -0.183974 0.087189
0.492624 -0.187227 0.079073
0.488436 -0.193858 0.075735
0.482405 -0.201456 0.078392
0.474477 -0.212395 0.077327
0.471069 -0.216918 0.078318
0.470449 -0.217812 0.077342
0.475039 -0.213389 0.073453
0.479840 -0.209287 0.067326
0.487052 -0.200051 0.062484
0.496116 -0.189342 0.054147
0.504451 -0.178429 0.051027
0.513407 -0.163678 0.049670
0.522790 -0.147343 0.052900
0.532454 -0.123094 0.066855
0.539517 -0.097231 0.090096
0.540245 -0.076360 0.118854
0.536676 -0.057932 0.151285
0.528879 -0.043750 0.180726
0.519686 -0.034801 0.208339
0.511934 -0.028592 0.228397
0.505586 -0.028530 0.242756
0.501805 -0.033011 0.249071
0.498647 -0.039490 0.253294
0.496606 -0.045830 0.255975
0.496415 -0.050590 0.255305
0.497291 -0.052798 0.252971
0.501689 -0.054988 0.244004
0.508047 -0.057853 0.229782
0.514904 -0.064644 0.211359
0.522179 -0.075090 0.188084
0.529318 -0.087720 0.160157
0.531791 -0.103766 0.134199
0.532508 -0.119622 0.108778
0.529540 -0.141038 0.083879
0.525020 -0.161889 0.055644
0.517914 -0.180420 0.033264
0.507718 -0.201070 0.007145
0.495459 -0.220993 -0.011384
0.483427 -0.235654 -0.030078
0.468642 -0.251992 -0.048133
0.453319 -0.264825 -0.058858
0.440781 -0.275412 -0.066314
0.428315 -0.284548 -0.070451
0.418975 -0.291865 -0.073969
0.410939 -0.297129 -0.074011
0.406328 -0.301474 -0.072879
0.402363 -0.304142 -0.072329
0.400896 -0.304972 -0.070787
0.399065 -0.306441 -0.071533
0.398100 -0.307135 -0.072395
0.397214 -0.308210 -0.072695
0.396073 -0.309346 -0.070908
0.395300 -0.310117 -0.070108
0.394886 -0.310921 -0.069353
0.393859 -0.312778 -0.067434
0.392366 -0.314265 -0.066379
0.390504 -0.316180 -0.064715
0.389850 -0.317007 -0.063619
0.389702 -0.317625 -0.061371
0.389714 -0.317945 -0.060944
0.390585 -0.317798 -0.057879
0.391539 -0.317496 -0.055027
0.393349 -0.316098 -0.053358
0.394503 -0.316125 -0.053056
0.396067 -0.315186 -0.052882
0.397448 -0.313843 -0.050831
0.399185 -0.311846 -0.053365
0.403707 -0.308643 -0.050219
0.401912 -0.312703 -0.049918
0.404020 -0.307385 -0.051174
0.409383 -0.308399 -0.041394
