0.599832 -0.676785 0.262771
0.599717 -0.678481 0.261749
0.592299 -0.679421 0.265471
0.590356 -0.679925 0.264837
0.584103 -0.684574 0.266315
0.586595 -0.686183 0.264335
0.582236 -0.691037 0.262724
0.580336 -0.692956 0.263627
0.577658 -0.696085 0.264078
0.575918 -0.697502 0.264340
0.573714 -0.699365 0.263550
0.572339 -0.700342 0.262750
0.571800 -0.700600 0.262510
0.570128 -0.701728 0.261897
0.571169 -0.700712 0.261078
0.572056 -0.699877 0.260309
0.573687 -0.698426 0.259805
0.576917 -0.696011 0.258871
0.578794 -0.694256 0.259919
0.583088 -0.692393 0.258085
0.585600 -0.690904 0.257612
0.586967 -0.689446 0.257955
0.586950 -0.687950 0.259763
0.585616 -0.685296 0.264264
0.583917 -0.682907 0.269346
0.581155 -0.680423 0.277685
0.579715 -0.677901 0.283533
0.576835 -0.675983 0.289728
0.575164 -0.673646 0.294581
0.573224 -0.670689 0.299185
0.568275 -0.666200 0.306166
0.566401 -0.652253 0.316547
0.560670 -0.627482 0.330281
0.550162 -0.589798 0.357987
0.533017 -0.535831 0.391761
0.504481 -0.459892 0.438011
0.469373 -0.380506 0.472287
0.434871 -0.307124 0.500108
0.406171 -0.238563 0.522891
0.366494 -0.175991 0.543689
0.334101 -0.115328 0.561070
0.297790 -0.054761 0.574288
0.256809 -0.001182 0.574209
0.210529 0.048143 0.567752
0.161774 0.086476 0.550244
0.119172 0.115434 0.534751
0.083282 0.138384 0.516291
0.054172 0.152520 0.504493
0.031027 0.166186 0.496571
0.017279 0.181626 0.492405
0.010007 0.195947 0.490230
0.005997 0.205593 0.495173
0.005785 0.216059 0.503223
0.009576 0.221653 0.510685
0.017416 0.224432 0.518449
0.031019 0.237615 0.530534
0.062430 0.254483 0.537243
0.111065 0.280255 0.541259
0.190966 0.306404 0.546585
0.302363 0.314966 0.543178
0.440136 0.277917 0.541466
0.556565 0.218526 0.522611
0.644743 0.155394 0.498335
0.692225 0.105138 0.486416
0.725133 0.074017 0.479888
0.736103 0.043224 0.480714
0.750292 0.009125 0.480623
0.765002 -0.030362 0.484065
0.781671 -0.064858 0.474277
0.806394 -0.091619 0.459843
0.822932 -0.096800 0.444516
0.838775 -0.088548 0.428159
0.845030 -0.074087 0.416699
0.840123 -0.047207 0.417005
0.823872 -0.027644 0.428494
0.785328 -0.002592 0.455866
0.729710 0.018902 0.489650
0.658426 0.043812 0.520626
0.570391 0.071944 0.550824
0.463488 0.097569 0.569656
0.352146 0.118333 0.566535
0.254966 0.129179 0.550452
0.178701 0.141243 0.522571
0.126674 0.147391 0.501685
0.094776 0.160828 0.480992
0.079141 0.172596 0.469467
0.075709 0.182953 0.462395
0.076644 0.193978 0.456054
0.080287 0.201980 0.453391
0.084241 0.202711 0.454444
0.089766 0.198089 0.464357
0.095790 0.183654 0.472040
0.105685 0.164955 0.479115
0.120905 0.141501 0.486993
0.141669 0.111506 0.494839
0.170256 0.082186 0.500615
0.203525 0.039550 0.515521
0.237778 -0.004565 0.525432
0.272140 -0.053727 0.530900
0.308936 -0.104606 0.528647
0.345201 -0.148745 0.526085
0.384097 -0.198336 0.515491
0.421117 -0.250828 0.505616
0.470674 -0.310836 0.487503
0.519061 -0.372522 0.458459
0.562068 -0.433393 0.424323
0.596600 -0.485833 0.386619
0.614770 -0.529519 0.352548
0.620402 -0.564077 0.324820
0.618338 -0.587975 0.308218
0.608578 -0.605216 0.302009
0.600547 -0.616643 0.297496
0.592077 -0.624129 0.297036
0.587607 -0.630001 0.293796
0.585435 -0.635540 0.289213
0.584378 -0.641457 0.284546
0.583152 -0.648102 0.281158
0.583282 -0.654093 0.276373
0.585480 -0.660867 0.269640
0.588233 -0.666147 0.265814
0.590782 -0.670209 0.261706
0.592918 -0.674884 0.257876
0.596029 -0.678883 0.252991
0.600602 -0.681807 0.249430
0.607055 -0.684430 0.242629
0.613173 -0.686604 0.239007
0.619038 -0.687032 0.237193
0.626925 -0.686689 0.232666
0.633266 -0.685462 0.230294
0.640294 -0.683653 0.226921
0.646651 -0.678676 0.229347
0.652305 -0.671218 0.230337
0.663430 -0.659320 0.238354
0.655503 -0.665115 0.241976
0.662643 -0.648943 0.249087
0.670966 -0.633571 0.274109
