0.259660 -0.051115 0.048217
0.264189 -0.047562 0.044103
0.265927 -0.046066 0.047491
0.268827 -0.044713 0.046860
0.270043 -0.044643 0.044709
0.271484 -0.043779 0.045330
0.273017 -0.044009 0.041622
0.276037 -0.043020 0.037809
0.279331 -0.042325 0.032452
0.282769 -0.040978 0.028892
0.285953 -0.039668 0.023236
0.288090 -0.039121 0.021211
0.291051 -0.037605 0.019870
0.293228 -0.037271 0.018647
0.294035 -0.037534 0.019303
0.295083 -0.036903 0.021793
0.297439 -0.034897 0.024216
0.303371 -0.031157 0.026881
0.310933 -0.025641 0.028580
0.321237 -0.017488 0.031220
0.333035 -0.007405 0.033490
0.346600 0.004812 0.034945
0.359347 0.018665 0.033345
0.371728 0.032712 0.030429
0.384138 0.049127 0.023399
0.396671 0.068916 0.016468
0.407964 0.093157 0.007575
0.417864 0.121453 -0.002881
0.425197 0.152722 -0.012621
0.429268 0.185712 -0.024290
0.430082 0.219639 -0.032186
0.427908 0.247200 -0.038521
0.423864 0.272394 -0.043206
0.420239 0.287762 -0.045613
0.417252 0.297907 -0.050225
0.416429 0.301869 -0.048181
0.417033 0.298556 -0.049815
0.418247 0.294383 -0.050516
0.418219 0.290781 -0.057115
0.414937 0.302588 -0.060059
0.406166 0.326269 -0.066671
0.392670 0.355915 -0.070568
0.376240 0.383489 -0.076716
0.363553 0.401245 -0.080563
0.357282 0.406846 -0.088589
0.358189 0.401836 -0.097098
0.365305 0.386723 -0.106260
0.376937 0.366266 -0.108075
0.387552 0.346222 -0.106226
0.398495 0.321135 -0.103228
0.411040 0.281464 -0.098301
0.418250 0.222927 -0.094751
0.415059 0.149791 -0.080252
0.395971 0.085531 -0.066943
0.370202 0.038282 -0.052670
0.346848 0.006732 -0.038375
0.338192 -0.003221 -0.028673
0.346602 0.002640 -0.021214
0.364658 0.023530 -0.022252
0.389685 0.059810 -0.024374
0.409085 0.101356 -0.033190
0.421122 0.145102 -0.047119
0.425646 0.187968 -0.064783
0.424996 0.221895 -0.074000
0.424572 0.236464 -0.073429
0.427534 0.221050 -0.061112
0.427780 0.178601 -0.041671
0.413872 0.111245 -0.017548
0.377566 0.041435 0.008933
0.331305 -0.007975 0.031763
0.296215 -0.031545 0.055363
0.277720 -0.033423 0.085741
0.271172 -0.024196 0.113713
0.271282 -0.007957 0.141214
0.272852 0.005818 0.158745
0.272947 0.015056 0.170753
0.275760 0.020679 0.174980
0.280377 0.024572 0.175907
0.287312 0.028297 0.174149
0.295244 0.031975 0.170427
0.303255 0.033456 0.165001
0.309202 0.032381 0.156850
0.309743 0.025869 0.147538
0.307670 0.016117 0.136494
0.301449 0.003297 0.125978
0.295577 -0.008005 0.115229
0.291203 -0.015728 0.107087
0.288390 -0.020474 0.101649
0.287067 -0.022350 0.098959
0.286878 -0.022750 0.096526
0.286412 -0.023092 0.096471
0.285002 -0.024096 0.095508
0.282673 -0.026259 0.093480
0.279560 -0.028418 0.092789
0.277630 -0.030976 0.090939
0.276501 -0.031813 0.089011
0.275792 -0.032684 0.087146
0.275430 -0.033208 0.084700
0.276457 -0.032664 0.082312
0.276451 -0.033183 0.077674
0.278543 -0.032946 0.072576
0.278988 -0.033950 0.065173
0.281044 -0.034505 0.057365
0.283384 -0.034507 0.050526
0.286742 -0.033879 0.042799
0.290348 -0.032412 0.035957
0.294360 -0.030876 0.028728
0.296339 -0.030124 0.023813
0.297654 -0.029411 0.022801
0.298478 -0.029310 0.021655
0.298544 -0.029440 0.023167
0.299311 -0.029420 0.022040
0.299724 -0.029124 0.021100
0.299993 -0.029020 0.018750
0.299585 -0.028865 0.017349
0.299319 -0.029275 0.010583
0.299489 -0.029266 0.003416
0.300402 -0.028373 -0.003902
0.300919 -0.027868 -0.009973
0.303168 -0.025824 -0.012493
0.303295 -0.025861 -0.012362
0.304304 -0.025507 -0.013917
0.304057 -0.025664 -0.010378
0.304264 -0.025554 -0.007822
0.304566 -0.024452 -0.004417
0.304186 -0.023606 0.002307
0.305156 -0.021679 0.007589
0.307289 -0.017915 0.013704
0.308379 -0.014892 0.018817
0.311710 -0.010004 0.026884
0.310262 -0.010275 0.030225
0.312775 -0.006761 0.037621
0.312898 -0.004997 0.044884
0.310958 -0.004890 0.049713
0.305647 -0.006787 0.054214
0.296747 -0.012371 0.051523
0.293522 -0.014166 0.049530
0.289392 -0.016752 0.045665
0.289174 -0.018320 0.043292
0.287987 -0.018836 0.039095
0.289951 -0.018938 0.040617
0.287658 -0.018806 0.041973
0.289927 -0.016696 0.044629
0.290112 -0.015564 0.047320
0.290681 -0.015747 0.049631
0.292000 -0.014849 0.053262
0.291517 -0.015204 0.056445
0.292462 -0.014134 0.061111
0.287909 -0.015432 0.064714
0.285752 -0.015692 0.068361
0.283368 -0.016952 0.066863
0.274338 -0.023098 0.065055
0.268167 -0.026564 0.061995
0.261535 -0.030920 0.061032
0.260493 -0.035110 0.054306
0.262611 -0.035308 0.050445
0.273165 -0.032864 0.043507
0.278608 -0.031840 0.037442
0.292572 -0.022019 0.036220
0.297289 -0.019825 0.033513
0.305140 -0.014207 0.031200
0.306664 -0.014296 0.029236
0.304795 -0.015259 0.028690
0.305378 -0.015813 0.028868
0.303651 -0.019078 0.027150
0.304937 -0.020693 0.026370
0.306383 -0.023469 0.022767
0.306538 -0.025449 0.019569
0.307914 -0.027487 0.015914
0.309841 -0.027481 0.013871
0.309934 -0.027744 0.017467
0.308757 -0.027966 0.021544
0.303376 -0.030648 0.028904
0.297988 -0.031816 0.036556
0.292480 -0.034581 0.039955
0.290783 -0.036645 0.040700
0.292178 -0.036074 0.033779
0.294639 -0.036344 0.027906
0.296735 -0.035885 0.022069
0.299757 -0.034929 0.015685
0.302043 -0.035317 0.015140
0.304493 -0.033703 0.013506
0.304618 -0.034213 0.015843
0.303431 -0.034686 0.017702
0.304672 -0.031377 0.022840
0.304261 -0.028379 0.022633
0.302750 -0.026380 0.027836
0.304000 -0.024129 0.030656
0.301395 -0.024725 0.030559
0.304681 -0.022225 0.033883
0.300046 -0.024821 0.034029
0.301298 -0.024428 0.040059
0.296402 -0.028658 0.042709
0.292635 -0.031253 0.050646
0.289908 -0.030643 0.046920
0.282142 -0.030340 0.056269
