0.284317 -0.242846 0.205795
0.289707 -0.239910 0.200789
0.287591 -0.237523 0.205840
0.289580 -0.232373 0.209810
0.285137 -0.232883 0.207612
0.284541 -0.229825 0.210908
0.284859 -0.231118 0.206089
0.288621 -0.230748 0.201514
0.293914 -0.233309 0.192177
0.301844 -0.233483 0.186302
0.310810 -0.235013 0.176279
0.315389 -0.235489 0.172519
0.322175 -0.233657 0.170849
0.327183 -0.233884 0.168280
0.329839 -0.231992 0.171302
0.332636 -0.229782 0.175373
0.338083 -0.223796 0.181903
0.349858 -0.217263 0.186265
0.364780 -0.206537 0.191605
0.389605 -0.191823 0.195939
0.417500 -0.171486 0.201247
0.448709 -0.145343 0.205904
0.479381 -0.112423 0.208294
0.504518 -0.069348 0.215227
0.522529 -0.011038 0.221963
0.528342 0.060899 0.228124
0.523117 0.138445 0.224112
0.511663 0.216267 0.207860
0.494411 0.292542 0.181955
0.467786 0.356403 0.153420
0.439540 0.417577 0.119244
0.409508 0.458760 0.092259
0.380203 0.488669 0.073062
0.364748 0.505542 0.062519
0.359750 0.519072 0.049671
0.354840 0.526346 0.041357
0.358257 0.527047 0.031037
0.360890 0.525531 0.023514
0.362521 0.520005 0.023840
0.352412 0.523581 0.037163
0.334259 0.533469 0.052061
0.310787 0.550360 0.062421
0.281874 0.572333 0.056072
0.256445 0.589730 0.042729
0.238458 0.593342 0.026735
0.237445 0.588248 0.016355
0.247234 0.564090 0.023354
0.260145 0.513280 0.056079
0.281554 0.451697 0.093371
0.313452 0.386495 0.121929
0.344999 0.312466 0.140188
0.377828 0.220500 0.151338
0.402781 0.114401 0.166318
0.416438 -0.000339 0.166311
0.410371 -0.089231 0.157869
0.399791 -0.146511 0.151132
0.395689 -0.163510 0.153540
0.407014 -0.144942 0.170540
0.424591 -0.089610 0.191774
0.438414 0.009676 0.215024
0.438757 0.122958 0.213493
0.424460 0.227023 0.188418
0.411308 0.300805 0.157168
0.391901 0.338417 0.144007
0.391746 0.344753 0.148822
0.395049 0.313459 0.168245
0.403156 0.246916 0.196922
0.399237 0.148915 0.228555
0.365493 0.033036 0.257898
0.322522 -0.058426 0.275848
0.271555 -0.104435 0.292595
0.231848 -0.106372 0.319779
0.211809 -0.072045 0.351170
0.197934 -0.029714 0.378589
0.194059 0.016293 0.395138
0.187997 0.040165 0.403890
0.181389 0.050405 0.403913
0.180222 0.054002 0.402408
0.176151 0.056271 0.395645
0.177484 0.054930 0.389071
0.181470 0.054117 0.381660
0.188788 0.051629 0.374404
0.194954 0.046092 0.368025
0.201690 0.035705 0.361403
0.204720 0.020993 0.355172
0.205640 0.003250 0.347574
0.204486 -0.013913 0.340917
0.201067 -0.024548 0.335225
0.198363 -0.030496 0.331907
0.198782 -0.033676 0.329591
0.200866 -0.038963 0.330201
0.204730 -0.043938 0.330800
0.209713 -0.050872 0.330695
0.213099 -0.054478 0.331753
0.216414 -0.057461 0.331253
0.216965 -0.054444 0.330140
0.216212 -0.049626 0.328730
0.213554 -0.043396 0.326087
0.212224 -0.037951 0.323239
0.209390 -0.037599 0.317847
0.209776 -0.041106 0.312167
0.211048 -0.047975 0.304729
0.213501 -0.054960 0.296571
0.214516 -0.059938 0.288875
0.219763 -0.065911 0.280891
0.225609 -0.068873 0.274031
0.232577 -0.070192 0.267132
0.235233 -0.070511 0.262213
0.237120 -0.070044 0.261305
0.236908 -0.070113 0.259865
0.236161 -0.072603 0.260749
0.237259 -0.075428 0.259173
0.238700 -0.078391 0.257846
0.243943 -0.082894 0.255721
0.248375 -0.087215 0.254356
0.257613 -0.092569 0.248184
0.269489 -0.100480 0.240541
0.279253 -0.108662 0.231271
0.292750 -0.120028 0.221629
0.305711 -0.128327 0.214853
0.317271 -0.137269 0.210332
0.328664 -0.147137 0.202445
0.336565 -0.157005 0.199127
0.338280 -0.163330 0.197264
0.342018 -0.169063 0.195294
0.338821 -0.170734 0.200684
0.340047 -0.172911 0.202810
0.341561 -0.169049 0.209110
0.343437 -0.168834 0.211878
0.346282 -0.164815 0.219336
0.341640 -0.165124 0.223194
0.341445 -0.165940 0.227463
0.334660 -0.164197 0.235624
0.322726 -0.171132 0.235252
0.306568 -0.171596 0.241396
0.291395 -0.183627 0.232747
0.279193 -0.188026 0.227763
0.274560 -0.196108 0.218324
0.269726 -0.199524 0.213547
0.267306 -0.202599 0.206436
0.269513 -0.204337 0.206175
0.270456 -0.204662 0.207385
0.272335 -0.202917 0.209590
0.273776 -0.199830 0.214588
0.271343 -0.200475 0.216068
0.270765 -0.198538 0.220615
0.269799 -0.197728 0.225006
0.271131 -0.191270 0.235374
0.263093 -0.189332 0.241753
0.259239 -0.184025 0.250462
0.252472 -0.183467 0.249942
0.239699 -0.188182 0.248759
0.232789 -0.195416 0.242098
0.229264 -0.204618 0.237064
0.236936 -0.213342 0.227159
0.245269 -0.213617 0.223953
0.261154 -0.210865 0.217781
0.275651 -0.203988 0.217876
0.285949 -0.186925 0.223201
0.285751 -0.174268 0.228996
0.282025 -0.160986 0.231502
0.275373 -0.147645 0.237656
0.263218 -0.140426 0.240361
0.255258 -0.134784 0.242254
0.249026 -0.137619 0.239668
0.253611 -0.137756 0.240523
0.269371 -0.147026 0.236224
0.282128 -0.149258 0.234686
0.290777 -0.148600 0.233257
0.296819 -0.142752 0.234649
0.282743 -0.127698 0.244336
0.260603 -0.107462 0.252977
0.225072 -0.088355 0.258552
0.200053 -0.072676 0.262252
0.175960 -0.058956 0.259109
0.169380 -0.050803 0.258095
0.171125 -0.050544 0.251348
0.176385 -0.052946 0.246858
0.186550 -0.054252 0.245053
0.195217 -0.059493 0.240780
0.200230 -0.064511 0.240931
0.206426 -0.071129 0.239739
0.206297 -0.075136 0.241360
0.204983 -0.084676 0.241329
0.205756 -0.085123 0.245386
0.203804 -0.091178 0.242097
0.198519 -0.091830 0.244751
0.195728 -0.099391 0.242345
0.195049 -0.107801 0.240293
0.197197 -0.110946 0.240705
0.199511 -0.117105 0.242778
0.201735 -0.114979 0.250028
0.198173 -0.113609 0.255628
0.194341 -0.116592 0.263378
0.194285 -0.121184 0.258718
0.188044 -0.106619 0.274275
