0.325192 -0.387905 0.092063
0.332433 -0.381167 0.084718
0.335151 -0.378659 0.090105
0.339691 -0.376350 0.089177
0.341636 -0.376294 0.085521
0.343912 -0.374856 0.086369
0.346377 -0.375387 0.080084
0.351140 -0.373707 0.073873
0.356321 -0.372624 0.065363
0.361732 -0.370403 0.059614
0.366749 -0.368165 0.050500
0.370118 -0.367445 0.047182
0.374765 -0.364970 0.045064
0.378216 -0.364761 0.042810
0.379473 -0.365510 0.043976
0.381146 -0.364573 0.047556
0.384813 -0.361134 0.051684
0.394147 -0.355141 0.055579
0.406019 -0.346035 0.058089
0.422183 -0.332635 0.062084
0.440697 -0.316187 0.065299
0.461983 -0.296568 0.067240
0.481951 -0.273825 0.064146
0.501350 -0.251182 0.059093
0.520768 -0.224530 0.046612
0.540303 -0.192419 0.034725
0.557664 -0.152378 0.019308
0.572632 -0.105643 0.001541
0.583366 -0.054100 -0.015014
0.588809 0.000178 -0.034353
0.589064 0.055514 -0.048111
0.584682 0.100494 -0.059140
0.577402 0.141691 -0.067012
0.570983 0.166791 -0.071656
0.565869 0.183253 -0.079366
0.564485 0.189723 -0.075942
0.565436 0.184498 -0.078555
0.567648 0.177690 -0.079015
0.567605 0.172044 -0.089347
0.562191 0.191189 -0.093552
0.547389 0.229939 -0.104135
0.524650 0.278742 -0.110129
0.497190 0.323851 -0.120655
0.475987 0.352929 -0.127490
0.465565 0.361873 -0.141384
0.466747 0.353902 -0.155644
0.478329 0.329375 -0.170821
0.497916 0.295854 -0.173349
0.515960 0.263239 -0.169116
0.534504 0.222445 -0.163283
0.556000 0.157733 -0.154629
0.569202 0.062569 -0.148525
0.566626 -0.057441 -0.124200
0.538180 -0.162707 -0.101426
0.498572 -0.240052 -0.076677
0.462362 -0.292339 -0.051965
0.448855 -0.308776 -0.035823
0.462065 -0.299771 -0.023525
0.490241 -0.265173 -0.026443
0.529159 -0.205745 -0.030775
0.558957 -0.137700 -0.046252
0.576847 -0.066144 -0.070399
0.582772 0.003576 -0.100384
0.580636 0.059027 -0.116050
0.579560 0.082650 -0.115495
0.584887 0.057270 -0.095420
0.586532 -0.011901 -0.063350
0.566237 -0.122039 -0.023639
0.510282 -0.236002 0.020424
0.438098 -0.317099 0.059154
0.382994 -0.356640 0.099239
0.353626 -0.359649 0.150352
0.342936 -0.343943 0.196714
0.342666 -0.316899 0.241673
0.344830 -0.294106 0.270089
0.344879 -0.279395 0.289241
0.349204 -0.270162 0.296080
0.356524 -0.264043 0.297248
0.367357 -0.257735 0.294502
0.379873 -0.251521 0.288211
0.392586 -0.249334 0.279187
0.402107 -0.250977 0.265562
0.403222 -0.261632 0.249897
0.400195 -0.277584 0.231684
0.390703 -0.299141 0.214152
0.381591 -0.317886 0.196878
0.374784 -0.330714 0.183825
0.370377 -0.338552 0.175269
0.368303 -0.341522 0.171036
0.367998 -0.341803 0.167254
0.367227 -0.342290 0.167446
0.364993 -0.343788 0.166061
0.361322 -0.347262 0.162999
0.356433 -0.350849 0.161964
0.353389 -0.355305 0.159181
0.351611 -0.356439 0.156194
0.350507 -0.357780 0.153213
0.349960 -0.358426 0.149212
0.351606 -0.357219 0.145207
0.351619 -0.357642 0.137712
0.354915 -0.356919 0.129534
0.355646 -0.358192 0.117583
0.358935 -0.358975 0.104787
0.362651 -0.358865 0.093613
0.367949 -0.357694 0.081116
0.373641 -0.355068 0.069828
0.379975 -0.352476 0.057863
0.383112 -0.351202 0.049591
0.385180 -0.350029 0.047866
0.386489 -0.349982 0.045900
0.386601 -0.350335 0.048263
0.387827 -0.350447 0.046223
0.388480 -0.349918 0.044543
0.388915 -0.349698 0.040433
0.388262 -0.349224 0.038226
0.387858 -0.349801 0.026823
0.388124 -0.349679 0.014924
0.389535 -0.348017 0.002714
0.390331 -0.347113 -0.007230
0.393828 -0.343540 -0.011337
0.394025 -0.343647 -0.011315
0.395612 -0.343198 -0.013895
0.395234 -0.343429 -0.007982
0.395565 -0.343251 -0.003665
0.396012 -0.341096 0.002262
0.395374 -0.339338 0.013542
0.396825 -0.335762 0.022641
0.400031 -0.328854 0.032834
0.401587 -0.323207 0.041438
0.406631 -0.314606 0.054630
0.404305 -0.314915 0.060350
0.408082 -0.308933 0.072905
0.408165 -0.305917 0.084904
0.404920 -0.305463 0.093644
0.396501 -0.308237 0.101014
0.382469 -0.316969 0.097198
0.377455 -0.319708 0.093647
0.370922 -0.323671 0.087798
0.370753 -0.326640 0.083597
0.368800 -0.327140 0.077205
0.371956 -0.327841 0.079826
0.368224 -0.327156 0.082216
0.371651 -0.323554 0.086846
0.371792 -0.321477 0.091560
0.372612 -0.322081 0.095951
0.374570 -0.320798 0.102336
0.373679 -0.321598 0.108170
0.375128 -0.320035 0.115736
0.367831 -0.321910 0.121884
0.364403 -0.322297 0.127764
0.360618 -0.324172 0.125501
0.346557 -0.334543 0.122812
0.336750 -0.340089 0.118558
0.326415 -0.347650 0.117264
0.325085 -0.355486 0.106322
0.328422 -0.355986 0.100315
0.345457 -0.352551 0.087704
0.354273 -0.351235 0.077050
0.376225 -0.334321 0.073756
0.383800 -0.330885 0.068383
0.396057 -0.321398 0.064418
0.398548 -0.321880 0.061005
0.395476 -0.323301 0.061066
0.396344 -0.324564 0.062061
0.393693 -0.330641 0.059844
0.395822 -0.334198 0.058699
0.398258 -0.340084 0.052922
0.398529 -0.344081 0.048085
0.400712 -0.348562 0.042540
0.403747 -0.349065 0.039334
0.403920 -0.349656 0.044843
0.402056 -0.349863 0.051322
0.393497 -0.354119 0.063504
0.384886 -0.355446 0.076238
0.376158 -0.359916 0.081980
0.373484 -0.363772 0.083253
0.375769 -0.362604 0.071930
0.379744 -0.363520 0.062179
0.383205 -0.362901 0.052102
0.388070 -0.361549 0.041355
0.391751 -0.362895 0.039842
0.395585 -0.360220 0.037368
0.395767 -0.361337 0.041092
0.393825 -0.362045 0.044534
0.395773 -0.355720 0.052635
0.395093 -0.349486 0.052311
0.392672 -0.345198 0.060410
0.394462 -0.341068 0.065601
0.390380 -0.341608 0.065227
0.395455 -0.337528 0.070830
0.388166 -0.341616 0.071150
0.390198 -0.341448 0.080457
0.382490 -0.348970 0.085083
0.376610 -0.353902 0.097606
0.372571 -0.351879 0.090025
0.360286 -0.350363 0.104819
