0.376914 -0.790103 0.422618
0.385962 -0.784659 0.413403
0.380595 -0.780282 0.422278
0.383224 -0.770008 0.431001
0.373300 -0.771170 0.427245
0.371303 -0.765128 0.433706
0.371218 -0.767890 0.425090
0.377538 -0.767507 0.417281
0.386911 -0.773255 0.400421
0.401746 -0.774223 0.389816
0.418892 -0.777944 0.371542
0.427385 -0.779370 0.364583
0.440053 -0.776232 0.361777
0.449444 -0.777199 0.356699
0.454578 -0.773428 0.362829
0.459922 -0.769180 0.369723
0.470072 -0.757389 0.382467
0.491663 -0.745539 0.389922
0.518974 -0.725503 0.400069
0.565600 -0.698342 0.407620
0.617881 -0.660385 0.417207
0.676179 -0.611549 0.425864
0.733750 -0.548811 0.431141
0.779906 -0.465275 0.446748
0.811073 -0.350740 0.463144
0.816511 -0.209237 0.478720
0.799223 -0.057376 0.473543
0.769395 0.093249 0.443617
0.728558 0.239203 0.393150
0.669609 0.358239 0.338433
0.608904 0.470732 0.269545
0.546084 0.544288 0.215199
0.485813 0.595376 0.176887
0.454577 0.623632 0.155174
0.445245 0.647195 0.130189
0.435289 0.660611 0.111883
0.442139 0.663807 0.091050
0.447329 0.662574 0.076279
0.450767 0.652892 0.080474
0.431029 0.654772 0.110392
0.396550 0.664587 0.144932
0.352883 0.686633 0.168845
0.299235 0.719991 0.157898
0.251306 0.748319 0.131141
0.216305 0.753090 0.100533
0.213462 0.744940 0.082349
0.230647 0.701441 0.101073
0.252921 0.604247 0.171000
0.293605 0.484496 0.249582
0.356108 0.359553 0.309032
0.417466 0.222767 0.345655
0.484409 0.057477 0.367701
0.540870 -0.131679 0.393034
0.581116 -0.342838 0.387874
0.582837 -0.507537 0.364975
0.573422 -0.613801 0.345569
0.569468 -0.645017 0.346407
0.588794 -0.609357 0.378721
0.615963 -0.502508 0.422524
0.631378 -0.310911 0.471417
0.621201 -0.092386 0.471220
0.583847 0.105703 0.423691
0.552696 0.240277 0.365205
0.511211 0.303457 0.341268
0.510700 0.309809 0.350726
0.516742 0.251120 0.385707
0.534878 0.131405 0.437150
0.535537 -0.043018 0.492615
0.484956 -0.253620 0.542682
0.419673 -0.422932 0.571174
0.331264 -0.509542 0.596883
0.257400 -0.512677 0.641298
0.218408 -0.444317 0.694834
0.188804 -0.362539 0.739617
0.179544 -0.272133 0.765975
0.166679 -0.226723 0.778297
0.151239 -0.207807 0.776316
0.146427 -0.202307 0.772382
0.134172 -0.199055 0.759138
0.132845 -0.203367 0.746865
0.137114 -0.205993 0.733676
0.149511 -0.210601 0.721928
0.162427 -0.219209 0.712415
0.177878 -0.236494 0.703480
0.187793 -0.262020 0.694937
0.192929 -0.294275 0.684274
0.192875 -0.326905 0.674335
0.187198 -0.347097 0.665246
0.182227 -0.358610 0.659696
0.183197 -0.364723 0.656159
0.187775 -0.375583 0.657745
0.196606 -0.385410 0.659638
0.208273 -0.398894 0.660608
0.217016 -0.405515 0.663242
0.224974 -0.410862 0.663292
0.226721 -0.403912 0.662015
0.225523 -0.393319 0.659988
0.220163 -0.379797 0.655572
0.216862 -0.368311 0.650604
0.210943 -0.366905 0.641527
0.210660 -0.374036 0.632130
0.213127 -0.387614 0.620105
0.217247 -0.401883 0.606572
0.218184 -0.412211 0.593601
0.227446 -0.424887 0.580565
0.237837 -0.431553 0.569240
0.250372 -0.434950 0.557969
0.254928 -0.435923 0.549687
0.258197 -0.435266 0.548180
0.257333 -0.435575 0.545597
0.255740 -0.440878 0.546642
0.257658 -0.446959 0.543663
0.260469 -0.453267 0.541169
0.271337 -0.462711 0.537532
0.280836 -0.471626 0.535401
0.300371 -0.482573 0.525243
0.325193 -0.499065 0.512346
0.345171 -0.516439 0.496041
0.373194 -0.540440 0.478605
0.399161 -0.558563 0.465572
0.423343 -0.577350 0.455834
0.446712 -0.598343 0.439972
0.463426 -0.618945 0.431501
0.466922 -0.632267 0.426547
0.474576 -0.644449 0.421201
0.468029 -0.647971 0.429681
0.470016 -0.653004 0.432160
0.471924 -0.645891 0.442741
0.475129 -0.646133 0.446427
0.479154 -0.639356 0.458342
0.470127 -0.639745 0.465144
0.468224 -0.642846 0.471140
0.453815 -0.639873 0.485022
0.429606 -0.654192 0.482853
0.398434 -0.653959 0.493669
0.371242 -0.676216 0.477357
0.347396 -0.684418 0.467530
0.339810 -0.699909 0.449988
0.329955 -0.706755 0.440743
0.325417 -0.712624 0.428239
0.329082 -0.716756 0.427119
0.332138 -0.717030 0.429205
0.334747 -0.714193 0.432886
0.337525 -0.708017 0.442441
0.332047 -0.709589 0.445089
0.330026 -0.706127 0.453396
0.328121 -0.704482 0.461765
0.330383 -0.691616 0.481291
0.315774 -0.686703 0.493261
0.308786 -0.675412 0.509760
0.295807 -0.673474 0.509549
0.273895 -0.680843 0.508171
0.262536 -0.694293 0.496364
0.258720 -0.712020 0.486529
0.275668 -0.729367 0.468919
0.292043 -0.730027 0.464286
0.320261 -0.725945 0.453281
0.348071 -0.712352 0.455549
0.362332 -0.680247 0.465990
0.359596 -0.654863 0.478453
0.347568 -0.629300 0.484596
0.332908 -0.601608 0.498210
0.308260 -0.585864 0.505092
0.291208 -0.574133 0.509685
0.279105 -0.579306 0.505647
0.288155 -0.579764 0.507933
0.320617 -0.599270 0.500694
0.347325 -0.603796 0.499340
0.364762 -0.602621 0.498464
0.376431 -0.590872 0.502462
0.346881 -0.559332 0.520750
0.301043 -0.516622 0.536804
0.229236 -0.475172 0.545240
0.179445 -0.441160 0.549685
0.131732 -0.411048 0.541705
0.118815 -0.393471 0.539287
0.121833 -0.392958 0.528329
0.131681 -0.398346 0.521480
0.152068 -0.401428 0.519859
0.168774 -0.413078 0.513540
0.178177 -0.424136 0.513488
0.189867 -0.438729 0.511943
0.189518 -0.447182 0.514163
0.187308 -0.466910 0.513639
0.188275 -0.468464 0.519474
0.184362 -0.481218 0.512684
0.174026 -0.482493 0.515436
0.167337 -0.498946 0.509666
0.167296 -0.515878 0.505191
0.169983 -0.523639 0.504685
0.177272 -0.535203 0.509045
0.181342 -0.531400 0.520915
0.176434 -0.527174 0.531725
0.170418 -0.532919 0.543860
0.171981 -0.541808 0.534317
0.162895 -0.510373 0.562136
