0.249025 -0.044180 -0.070849
0.245815 -0.043915 -0.073560
0.247530 -0.042787 -0.072067
0.245418 -0.042725 -0.075379
0.246740 -0.040618 -0.073764
0.246823 -0.040383 -0.072738
0.247150 -0.039986 -0.072207
0.247846 -0.039680 -0.070972
0.247545 -0.039793 -0.070178
0.247704 -0.039846 -0.069272
0.247789 -0.039868 -0.068765
0.248009 -0.039873 -0.067926
0.248694 -0.039921 -0.066997
0.248932 -0.040169 -0.065687
0.249307 -0.040223 -0.064853
0.249680 -0.040232 -0.064730
0.249781 -0.040054 -0.064947
0.249486 -0.039926 -0.065065
0.249189 -0.040094 -0.065630
0.248812 -0.040331 -0.065793
0.248546 -0.040775 -0.066394
0.248500 -0.041008 -0.067039
0.248372 -0.041010 -0.067266
0.248619 -0.040954 -0.067313
0.249317 -0.040849 -0.067377
0.250081 -0.040846 -0.066851
0.251246 -0.040454 -0.066459
0.252170 -0.040131 -0.066026
0.252633 -0.040027 -0.065422
0.253229 -0.039736 -0.065251
0.253102 -0.039898 -0.065457
0.253089 -0.039826 -0.065446
0.252861 -0.039639 -0.066285
0.252477 -0.039422 -0.066614
0.251883 -0.039437 -0.066871
0.251617 -0.039043 -0.068257
0.251290 -0.038817 -0.069063
0.251624 -0.037921 -0.070311
0.251640 -0.036986 -0.072051
0.251317 -0.036501 -0.074176
0.252121 -0.035486 -0.076193
0.252394 -0.034556 -0.078857
0.253009 -0.033644 -0.081001
0.253936 -0.032558 -0.082638
0.254899 -0.031740 -0.084328
0.256943 -0.030738 -0.084276
0.259080 -0.029836 -0.083751
0.262121 -0.028782 -0.082130
0.264412 -0.027941 -0.081308
0.268700 -0.026496 -0.079162
0.274617 -0.023574 -0.077527
0.283179 -0.020103 -0.072194
0.293480 -0.015162 -0.067263
0.304000 -0.010430 -0.055385
0.315406 -0.004425 -0.041231
0.327815 0.004106 -0.018389
0.338680 0.015543 0.007659
0.347113 0.029859 0.034475
0.354072 0.047447 0.056406
0.358397 0.062670 0.073582
0.361111 0.072195 0.082478
0.360622 0.075088 0.087650
0.356974 0.071218 0.091290
0.352296 0.065371 0.093174
0.346528 0.058899 0.095415
0.344231 0.055038 0.095819
0.347232 0.057646 0.094786
0.354101 0.066030 0.093814
0.362730 0.075910 0.090204
0.369186 0.083239 0.086620
0.371807 0.083885 0.081577
0.369452 0.077572 0.079125
0.361459 0.066452 0.080075
0.354128 0.056018 0.080029
0.351021 0.052026 0.080211
0.352067 0.053886 0.080256
0.358679 0.060026 0.075536
0.362761 0.064063 0.071516
0.362023 0.061370 0.067084
0.356746 0.053441 0.065346
0.344813 0.038221 0.065169
0.332980 0.026485 0.067277
0.326204 0.019796 0.067495
0.322140 0.016393 0.068378
0.323892 0.019132 0.070251
0.326174 0.022927 0.073263
0.332513 0.031751 0.077853
0.339743 0.043303 0.084109
0.346867 0.055219 0.089641
0.352119 0.065595 0.094476
0.355977 0.074226 0.098873
0.358638 0.079366 0.100956
0.360868 0.082440 0.101210
0.362846 0.084508 0.100567
0.364609 0.086719 0.099749
0.365242 0.088071 0.098812
0.364387 0.086042 0.097285
0.360040 0.080398 0.098293
0.351238 0.068520 0.099149
0.341060 0.056693 0.100228
0.328966 0.044976 0.101822
0.320836 0.038805 0.104794
0.318193 0.037147 0.105048
0.319113 0.039395 0.106038
0.322739 0.043156 0.104881
0.326232 0.046670 0.103098
0.329283 0.047099 0.098666
0.333302 0.047047 0.092694
0.336250 0.048542 0.089596
0.342057 0.050238 0.082552
0.348965 0.055414 0.076819
0.357811 0.065128 0.074251
0.366772 0.078011 0.075392
0.372050 0.089837 0.078629
0.372588 0.095209 0.083085
0.369286 0.091755 0.085379
0.363181 0.082086 0.085026
0.357097 0.071026 0.082575
0.349651 0.057313 0.076821
0.343402 0.046503 0.071889
0.336166 0.035713 0.067179
0.331768 0.029467 0.065685
0.329280 0.024717 0.062227
0.327606 0.021361 0.060196
0.328895 0.022079 0.058820
0.331912 0.022836 0.054682
0.336645 0.025368 0.049174
0.343583 0.029674 0.042640
0.351578 0.036289 0.037952
0.359418 0.044143 0.033814
0.365036 0.050909 0.033968
0.367857 0.054798 0.033564
0.368048 0.054504 0.033762
0.366368 0.050079 0.027925
0.361739 0.040228 0.018114
0.355545 0.028791 0.001682
0.344002 0.014932 -0.015056
0.331888 0.002883 -0.030854
0.318662 -0.007844 -0.041974
0.306411 -0.015873 -0.052230
0.295476 -0.022027 -0.060110
0.285850 -0.026344 -0.066494
0.279735 -0.029118 -0.070695
0.275079 -0.031200 -0.072435
0.271337 -0.032743 -0.074170
0.268394 -0.034270 -0.074723
0.267232 -0.034360 -0.075789
0.266677 -0.034466 -0.076140
0.266345 -0.034413 -0.075894
0.266157 -0.034287 -0.075152
0.265788 -0.034444 -0.074468
0.264897 -0.035357 -0.071798
0.263858 -0.036241 -0.068748
0.262651 -0.037118 -0.066984
0.261535 -0.038202 -0.065379
0.259503 -0.039629 -0.064527
0.257713 -0.040530 -0.065550
0.255436 -0.041479 -0.065483
0.253670 -0.041996 -0.067192
0.252143 -0.042713 -0.068450
0.251231 -0.043491 -0.069592
0.249379 -0.044431 -0.070573
0.248639 -0.044910 -0.069947
0.249565 -0.044512 -0.070503
0.251786 -0.044805 -0.069320
0.251041 -0.047227 -0.067002
0.252191 -0.045776 -0.066629
0.255208 -0.046826 -0.061721
