0.316261 -0.249968 0.052967
0.313227 -0.251782 0.046636
0.315009 -0.251971 0.045782
0.314756 -0.251360 0.042364
0.315697 -0.249139 0.044403
0.316965 -0.247423 0.047320
0.317295 -0.246146 0.049355
0.317662 -0.244332 0.053299
0.317973 -0.243055 0.056013
0.318477 -0.241681 0.058999
0.319002 -0.240459 0.061203
0.318894 -0.239941 0.063024
0.319638 -0.239000 0.065421
0.319361 -0.238493 0.068130
0.319288 -0.238303 0.069559
0.320154 -0.237949 0.069959
0.319947 -0.238342 0.069061
0.320719 -0.238619 0.067776
0.320566 -0.239525 0.066022
0.321398 -0.240092 0.064692
0.321613 -0.240609 0.063711
0.322149 -0.241144 0.062271
0.322559 -0.240746 0.062354
0.322844 -0.240235 0.062985
0.324166 -0.239033 0.064230
0.324643 -0.238071 0.066349
0.326137 -0.236535 0.068239
0.327108 -0.235280 0.069992
0.326999 -0.234529 0.071831
0.327101 -0.233782 0.072912
0.326005 -0.233779 0.073449
0.325446 -0.233541 0.073976
0.324313 -0.233145 0.073891
0.322770 -0.232992 0.074060
0.321664 -0.232486 0.074769
0.321034 -0.231728 0.074057
0.320595 -0.230651 0.074450
0.320521 -0.229573 0.073642
0.320154 -0.228775 0.071902
0.319992 -0.228274 0.069722
0.320603 -0.227807 0.067064
0.321297 -0.227212 0.063746
0.322737 -0.226764 0.060569
0.323966 -0.225426 0.059127
0.325566 -0.223766 0.058262
0.327449 -0.220569 0.061302
0.328276 -0.216704 0.066222
0.329157 -0.209785 0.075806
0.328937 -0.198951 0.088373
0.328405 -0.184353 0.104458
0.325343 -0.163870 0.122332
0.319698 -0.135010 0.146124
0.313201 -0.099773 0.166514
0.303245 -0.058149 0.189405
0.294418 -0.008689 0.207246
0.284399 0.051879 0.222510
0.278597 0.110384 0.230358
0.271978 0.159756 0.233676
0.266039 0.196749 0.235734
0.258480 0.218885 0.240355
0.254510 0.229295 0.244204
0.255312 0.233344 0.249095
0.259173 0.231682 0.255259
0.263298 0.231479 0.256537
0.266471 0.230036 0.258210
0.266083 0.226848 0.258835
0.260875 0.223609 0.259705
0.252026 0.219105 0.262185
0.246301 0.215850 0.260676
0.248819 0.217489 0.258924
0.261968 0.224785 0.255596
0.281428 0.235542 0.250873
0.303394 0.238383 0.251153
0.321340 0.236476 0.249025
0.324961 0.230372 0.252586
0.313924 0.223017 0.259531
0.302255 0.221420 0.257107
0.296559 0.224224 0.250863
0.305703 0.229423 0.242543
0.331019 0.235435 0.233917
0.361578 0.230307 0.223353
0.391281 0.219547 0.214000
0.409815 0.210454 0.204822
0.415754 0.205467 0.201370
0.411117 0.209300 0.206001
0.394029 0.218957 0.211711
0.369177 0.235385 0.217098
0.338372 0.251585 0.221281
0.311497 0.264730 0.220232
0.287820 0.271083 0.220333
0.271995 0.274217 0.221960
0.262771 0.274076 0.223827
0.259451 0.274352 0.224027
0.259609 0.274505 0.224837
0.261954 0.276474 0.224869
0.265183 0.278939 0.224341
0.271520 0.280940 0.222145
0.282212 0.283808 0.219811
0.300904 0.280462 0.220586
0.326814 0.275191 0.219624
0.356962 0.263371 0.218953
0.387297 0.250010 0.219577
0.413059 0.239656 0.215457
0.431906 0.233836 0.214066
0.446689 0.231899 0.210769
0.454106 0.234150 0.206537
0.455873 0.238107 0.197107
0.457208 0.242459 0.185758
0.451563 0.249052 0.182860
0.439654 0.258497 0.179003
0.415723 0.269414 0.186123
0.381524 0.279469 0.199532
0.343075 0.285930 0.211067
0.305532 0.286614 0.216664
0.281597 0.282825 0.219908
0.270381 0.279729 0.216082
0.275253 0.279531 0.209460
0.294427 0.280160 0.203136
0.323385 0.275057 0.195553
0.355731 0.266287 0.189118
0.389660 0.251172 0.180826
0.421394 0.234534 0.175751
0.445207 0.218606 0.167905
0.458509 0.206197 0.164598
0.463244 0.201178 0.168701
0.457436 0.201647 0.174974
0.439575 0.206628 0.186106
0.410967 0.211125 0.199912
0.374976 0.213147 0.212232
0.334519 0.211346 0.217180
0.300138 0.204495 0.219439
0.271703 0.191793 0.218460
0.253932 0.175508 0.219598
0.247234 0.154010 0.220812
0.249422 0.124295 0.224312
0.258430 0.087645 0.223728
0.269488 0.045525 0.220977
0.287981 -0.003340 0.214570
0.304361 -0.053392 0.202813
0.322745 -0.100772 0.181704
0.337333 -0.141529 0.154755
0.346590 -0.173535 0.125457
0.350269 -0.196097 0.100601
0.352132 -0.210082 0.083333
0.353190 -0.218330 0.070942
0.353173 -0.224229 0.062856
0.353628 -0.226176 0.058159
0.352757 -0.227821 0.055783
0.352397 -0.227607 0.056284
0.350825 -0.227310 0.058164
0.349548 -0.226642 0.060603
0.347727 -0.227243 0.064286
0.346812 -0.228097 0.067302
0.347145 -0.228994 0.068088
0.347010 -0.230873 0.067930
0.347221 -0.233138 0.066086
0.347418 -0.235685 0.061207
0.347294 -0.238021 0.057533
0.347579 -0.239654 0.052442
0.347498 -0.241457 0.048203
0.347715 -0.242620 0.045464
0.345381 -0.244198 0.043780
0.342644 -0.245514 0.044598
0.343348 -0.243948 0.046244
0.345134 -0.243816 0.048495
0.340084 -0.246237 0.054100
0.338499 -0.245981 0.054486
0.347119 -0.241716 0.063858
