0.448403 -0.804157 0.146288
0.443361 -0.807646 0.133243
0.446322 -0.808280 0.131236
0.446653 -0.806905 0.124983
0.447946 -0.802470 0.128809
0.450479 -0.798806 0.134189
0.451019 -0.796170 0.138315
0.451454 -0.792403 0.146108
0.452249 -0.789617 0.151342
0.453231 -0.786694 0.157170
0.454271 -0.784103 0.161473
0.453934 -0.782993 0.164886
0.455157 -0.781053 0.169470
0.454493 -0.779929 0.174579
0.454149 -0.779530 0.177152
0.455780 -0.778832 0.177942
0.455287 -0.779697 0.176182
0.457012 -0.780247 0.173415
0.456858 -0.782128 0.170040
0.458775 -0.783252 0.167209
0.459327 -0.784297 0.165250
0.460479 -0.785434 0.162520
0.461369 -0.784590 0.162688
0.461810 -0.783556 0.163948
0.464216 -0.781143 0.166574
0.464841 -0.779206 0.170805
0.467346 -0.776153 0.174536
0.468890 -0.773651 0.177986
0.468412 -0.772114 0.181514
0.468288 -0.770645 0.183641
0.466069 -0.770622 0.184886
0.464874 -0.770122 0.185910
0.462575 -0.769318 0.186062
0.459508 -0.768972 0.186541
0.457435 -0.767833 0.187980
0.456159 -0.766308 0.186982
0.455340 -0.764061 0.188056
0.454881 -0.761982 0.186759
0.453979 -0.760484 0.183801
0.453712 -0.759556 0.180126
0.454480 -0.758905 0.175456
0.455676 -0.757954 0.169664
0.458288 -0.757335 0.163978
0.460314 -0.754881 0.161750
0.463108 -0.751745 0.160721
0.465978 -0.745439 0.167136
0.466588 -0.737709 0.177243
0.466901 -0.723663 0.196739
0.465194 -0.701329 0.222593
0.461924 -0.671431 0.255544
0.452261 -0.629696 0.292018
0.435993 -0.570818 0.339492
0.416842 -0.499337 0.379534
0.390539 -0.414446 0.421739
0.366166 -0.313934 0.452163
0.338946 -0.191398 0.473263
0.321403 -0.074408 0.477537
0.303266 0.022130 0.471656
0.287054 0.091691 0.465402
0.268841 0.131044 0.466948
0.259037 0.148298 0.470789
0.260991 0.155393 0.478612
0.271199 0.153515 0.490010
0.282480 0.155663 0.491818
0.292335 0.155554 0.494300
0.292886 0.150329 0.495504
0.280360 0.142304 0.498006
0.258041 0.129045 0.503898
0.241294 0.117719 0.502721
0.243039 0.117831 0.501106
0.269191 0.132798 0.496464
0.311382 0.158183 0.487727
0.361815 0.169438 0.487671
0.403503 0.170046 0.482867
0.412802 0.159145 0.490344
0.389036 0.143060 0.504984
0.360921 0.136851 0.502063
0.346667 0.140985 0.490766
0.366155 0.153212 0.475009
0.422096 0.169230 0.457061
0.492698 0.165127 0.434428
0.561397 0.147802 0.413475
0.603904 0.131550 0.393755
0.618586 0.122735 0.386278
0.607921 0.129636 0.395191
0.570865 0.148244 0.405855
0.515352 0.178847 0.415335
0.446839 0.207590 0.421361
0.386612 0.229510 0.416569
0.334076 0.238073 0.414695
0.298778 0.240658 0.416300
0.278009 0.237832 0.419372
0.269871 0.236835 0.419780
0.269161 0.236100 0.421907
0.273106 0.239232 0.422430
0.279450 0.243861 0.421477
0.293169 0.249014 0.417290
0.317956 0.257637 0.411615
0.361969 0.256029 0.412377
0.421818 0.250390 0.409366
0.491534 0.230988 0.406642
0.559571 0.205791 0.406481
0.614970 0.184857 0.397404
0.653959 0.171799 0.393996
0.682915 0.166194 0.387451
0.696464 0.169526 0.379200
0.698461 0.177714 0.361420
0.699077 0.186781 0.340393
0.685601 0.200126 0.335922
0.657479 0.219193 0.331395
0.603481 0.240028 0.349421
0.526962 0.256801 0.379391
0.441512 0.264214 0.403587
0.359765 0.260404 0.414111
0.309158 0.250125 0.418803
0.287409 0.245316 0.409509
0.300945 0.249494 0.395428
0.344531 0.255761 0.382886
0.409310 0.251318 0.369237
0.480561 0.237858 0.357911
0.555608 0.210899 0.342308
0.624663 0.178790 0.332659
0.675961 0.147289 0.317670
0.704847 0.122682 0.311929
0.714109 0.112044 0.321512
0.700328 0.112706 0.336902
0.660327 0.122314 0.363449
0.596640 0.129950 0.396259
0.516917 0.131235 0.425121
0.427823 0.123890 0.437941
0.352741 0.106388 0.443181
0.291557 0.078099 0.441648
0.254263 0.044049 0.444324
0.241174 0.001153 0.450170
0.248415 -0.056796 0.462704
0.270712 -0.128649 0.469608
0.300024 -0.210603 0.471813
0.345264 -0.307704 0.466112
0.386608 -0.407881 0.446696
0.431642 -0.503590 0.407473
0.468081 -0.586284 0.355095
0.492567 -0.651332 0.296839
0.503568 -0.697495 0.246976
0.509864 -0.725873 0.211319
0.514012 -0.742480 0.185997
0.515516 -0.754242 0.169180
0.517044 -0.758194 0.159773
0.515521 -0.761575 0.155031
0.514933 -0.761051 0.155963
0.511728 -0.760344 0.159553
0.509233 -0.758807 0.164288
0.505957 -0.759649 0.170851
0.504622 -0.760977 0.175703
0.505976 -0.762469 0.176456
0.506329 -0.766048 0.175373
0.507848 -0.770308 0.170943
0.509187 -0.775368 0.161102
0.510109 -0.779841 0.153244
0.511583 -0.783069 0.143229
0.512185 -0.786653 0.134805
0.513089 -0.788977 0.129443
0.509125 -0.792017 0.126196
0.503804 -0.794605 0.127667
0.504777 -0.791512 0.131365
0.507329 -0.791444 0.135290
0.497359 -0.796148 0.146460
0.493358 -0.795832 0.146937
0.510123 -0.787010 0.164923
