0.307361 -0.372472 -0.113443
0.301949 -0.371601 -0.118892
0.304770 -0.369472 -0.115980
0.301202 -0.369247 -0.122009
0.303294 -0.365050 -0.119072
0.303342 -0.364493 -0.117660
0.303874 -0.363704 -0.116688
0.305000 -0.363102 -0.114578
0.304509 -0.363231 -0.113370
0.304770 -0.363300 -0.111906
0.304886 -0.363319 -0.111162
0.305239 -0.363307 -0.109812
0.306335 -0.363442 -0.108304
0.306753 -0.363901 -0.106132
0.307349 -0.364013 -0.104806
0.307946 -0.364077 -0.104597
0.308099 -0.363744 -0.104929
0.307585 -0.363445 -0.105248
0.307130 -0.363778 -0.106129
0.306509 -0.364209 -0.106512
0.306053 -0.365102 -0.107674
0.305984 -0.365606 -0.108737
0.305744 -0.365601 -0.109220
0.306107 -0.365520 -0.109379
0.307202 -0.365409 -0.109501
0.308430 -0.365483 -0.108612
0.310247 -0.364831 -0.108023
0.311692 -0.364283 -0.107342
0.312413 -0.364105 -0.106406
0.313327 -0.363592 -0.106185
0.313139 -0.363914 -0.106500
0.313090 -0.363763 -0.106560
0.312688 -0.363395 -0.107989
0.312053 -0.362917 -0.108555
0.311053 -0.362869 -0.109142
0.310542 -0.362108 -0.111553
0.309957 -0.361647 -0.112995
0.310355 -0.359951 -0.115214
0.310255 -0.358164 -0.118172
0.309652 -0.357269 -0.121731
0.310825 -0.355470 -0.125057
0.311137 -0.353814 -0.129476
0.312019 -0.352222 -0.132997
0.313411 -0.350297 -0.135632
0.314868 -0.348929 -0.138392
0.318076 -0.347228 -0.138246
0.321433 -0.345712 -0.137358
0.326279 -0.343969 -0.134566
0.329837 -0.342597 -0.133350
0.336681 -0.340291 -0.129638
0.345851 -0.335394 -0.127229
0.359387 -0.329776 -0.118476
0.375473 -0.321847 -0.110865
0.392124 -0.314344 -0.091761
0.410193 -0.304991 -0.069073
0.430022 -0.291612 -0.032076
0.447440 -0.273358 0.010377
0.460878 -0.250357 0.053786
0.471723 -0.221503 0.089221
0.478439 -0.196651 0.117105
0.482656 -0.181254 0.131533
0.481902 -0.176584 0.139946
0.476359 -0.183093 0.146050
0.469172 -0.192783 0.149129
0.460271 -0.203445 0.152800
0.456819 -0.210079 0.153543
0.461513 -0.205839 0.152051
0.472166 -0.192062 0.150705
0.485531 -0.175836 0.145119
0.495534 -0.163789 0.139662
0.499602 -0.162769 0.131421
0.496031 -0.173193 0.127449
0.483619 -0.191226 0.128798
0.472282 -0.208505 0.128361
0.467469 -0.214975 0.128749
0.469050 -0.211730 0.128916
0.479283 -0.201707 0.121177
0.485540 -0.194987 0.114546
0.484298 -0.199315 0.106944
0.476066 -0.212542 0.103447
0.457530 -0.237813 0.102604
0.439098 -0.257188 0.105691
0.428512 -0.268397 0.105683
0.422208 -0.273890 0.107298
0.424948 -0.269282 0.110427
0.428525 -0.262970 0.115430
0.438443 -0.248318 0.123239
0.449713 -0.229328 0.133611
0.460809 -0.209984 0.142626
0.468958 -0.192983 0.150683
0.474947 -0.178868 0.158099
0.479111 -0.170614 0.161622
0.482615 -0.165742 0.162144
0.485722 -0.162460 0.161223
0.488446 -0.158819 0.159962
0.489345 -0.156527 0.158153
0.487977 -0.159828 0.155369
0.481218 -0.169061 0.156705
0.467554 -0.188565 0.157636
0.451702 -0.207958 0.158908
0.432808 -0.227143 0.160934
0.420153 -0.237257 0.165700
0.415968 -0.239950 0.165796
0.417351 -0.236083 0.167384
0.422902 -0.229735 0.165327
0.428221 -0.223753 0.162216
0.432911 -0.222968 0.154919
0.439156 -0.223139 0.145171
0.443706 -0.220488 0.140279
0.452748 -0.217676 0.129069
0.463441 -0.208882 0.120133
0.477218 -0.192827 0.116588
0.491222 -0.171943 0.118979
0.499303 -0.152379 0.124552
0.500032 -0.143440 0.131787
0.494886 -0.149000 0.135331
0.485393 -0.164690 0.134401
0.475995 -0.182945 0.129982
0.464409 -0.205448 0.120171
0.454698 -0.223188 0.111999
0.443393 -0.241072 0.103909
0.436652 -0.251383 0.101773
0.432780 -0.259436 0.095988
0.430250 -0.265052 0.092923
0.432283 -0.263654 0.091012
0.437014 -0.262389 0.084564
0.444409 -0.257917 0.076205
0.455289 -0.250684 0.066346
0.467835 -0.239764 0.059531
0.480055 -0.226854 0.053291
0.488880 -0.215791 0.054116
0.493260 -0.209278 0.053788
0.493646 -0.209785 0.054492
0.491083 -0.216865 0.045547
0.484022 -0.233145 0.030159
0.474431 -0.252110 0.003817
0.456333 -0.274779 -0.023317
0.437368 -0.294651 -0.048720
0.416607 -0.312335 -0.066798
0.397378 -0.325497 -0.083255
0.380275 -0.335602 -0.095631
0.365152 -0.342566 -0.105820
0.355607 -0.347219 -0.112355
0.348229 -0.350630 -0.115440
0.342308 -0.353172 -0.118407
0.337671 -0.355763 -0.119421
0.335809 -0.355819 -0.121212
0.334951 -0.355970 -0.121707
0.334422 -0.355785 -0.121309
0.334119 -0.355435 -0.120106
0.333529 -0.355630 -0.119052
0.332202 -0.357127 -0.114615
0.330607 -0.358518 -0.109693
0.328732 -0.359969 -0.106887
0.327027 -0.361877 -0.104273
0.323839 -0.364382 -0.103046
0.321012 -0.365987 -0.104798
0.317416 -0.367551 -0.104808
0.314590 -0.368438 -0.107729
0.312157 -0.369745 -0.109902
0.310691 -0.371259 -0.111912
0.307740 -0.372963 -0.113684
0.306608 -0.373793 -0.112617
0.308047 -0.373151 -0.113536
0.311511 -0.373974 -0.111853
0.310571 -0.378680 -0.107580
0.312309 -0.375858 -0.107127
0.317320 -0.378185 -0.098506
