-0.836894 0.270577 0.398229
-0.837606 0.273695 0.393660
-0.837994 0.266374 0.400671
-0.838566 0.258569 0.405428
-0.838825 0.257258 0.410827
-0.840101 0.254176 0.415883
-0.842740 0.244794 0.420120
-0.844433 0.238290 0.426156
-0.847275 0.227898 0.432097
-0.849308 0.222329 0.438089
-0.852813 0.216940 0.439862
-0.853471 0.215564 0.442531
-0.853567 0.215868 0.444304
-0.853253 0.217707 0.446730
-0.852276 0.221341 0.446175
-0.849899 0.226929 0.445661
-0.846612 0.234799 0.445613
-0.841892 0.244710 0.445876
-0.837126 0.255797 0.445183
-0.833724 0.269681 0.437717
-0.829499 0.282511 0.427853
-0.826242 0.295455 0.411650
-0.822297 0.306641 0.396478
-0.820628 0.311877 0.376742
-0.819013 0.314888 0.359539
-0.818120 0.319178 0.341319
-0.811900 0.327095 0.324422
-0.802551 0.340691 0.312924
-0.783103 0.357498 0.288316
-0.748485 0.402439 0.243031
-0.674431 0.457977 0.175849
-0.563390 0.516367 0.095408
-0.445857 0.557034 0.029862
-0.314887 0.598702 -0.013040
-0.189838 0.676571 -0.010780
-0.064861 0.777594 0.020591
0.040192 0.876150 0.089443
0.144325 0.938333 0.171931
0.224343 0.958929 0.229353
0.251996 0.970218 0.232180
0.242054 0.977057 0.179879
0.203737 0.970925 0.104874
0.151021 0.945598 0.003522
0.081120 0.893178 -0.092749
0.011405 0.830702 -0.171644
-0.059650 0.756866 -0.212237
-0.121235 0.691398 -0.210617
-0.165698 0.655423 -0.187211
-0.198840 0.662835 -0.132661
-0.213086 0.698342 -0.066212
-0.226673 0.746293 0.025658
-0.221712 0.805412 0.148026
-0.218108 0.834217 0.306200
-0.187016 0.838361 0.458435
-0.157297 0.811220 0.585855
-0.135116 0.784913 0.654833
-0.114619 0.778453 0.666998
-0.098361 0.795981 0.621393
-0.085154 0.818725 0.524700
-0.081937 0.823115 0.387421
-0.087771 0.795543 0.229187
-0.112594 0.729649 0.093634
-0.139085 0.668686 -0.001398
-0.175649 0.615143 -0.063979
-0.216459 0.588490 -0.101416
-0.256394 0.572687 -0.128915
-0.293035 0.571175 -0.143961
-0.317707 0.567828 -0.155167
-0.328613 0.560235 -0.167356
-0.336188 0.553754 -0.171593
-0.335841 0.551355 -0.169497
-0.338210 0.553916 -0.161650
-0.339275 0.567783 -0.144948
-0.333841 0.600593 -0.120369
-0.324400 0.647053 -0.089254
-0.307971 0.699731 -0.055475
-0.295447 0.746144 -0.023876
-0.272885 0.789867 0.004846
-0.253197 0.824601 0.030259
-0.238363 0.849282 0.063666
-0.233873 0.859065 0.103359
-0.254902 0.856755 0.140819
-0.301944 0.837342 0.177264
-0.369817 0.805530 0.207857
-0.452821 0.759972 0.243030
-0.540521 0.696517 0.267319
-0.626560 0.623628 0.294349
-0.694813 0.546030 0.330056
-0.739731 0.482230 0.355388
-0.765161 0.428965 0.386716
-0.774283 0.397284 0.413963
-0.780158 0.370785 0.429899
-0.783276 0.348656 0.452808
-0.785257 0.333858 0.466281
-0.788789 0.322193 0.475833
-0.788944 0.311044 0.489435
-0.788062 0.303285 0.500592
-0.782795 0.306871 0.514245
-0.769016 0.320696 0.531914
-0.742251 0.360607 0.555022
-0.697511 0.412052 0.585598
-0.624113 0.487448 0.624578
-0.539372 0.556656 0.653224
-0.445097 0.629402 0.663235
-0.354180 0.695596 0.643633
-0.286043 0.763378 0.567957
-0.255509 0.816856 0.446650
-0.254055 0.836080 0.290756
-0.256374 0.816154 0.129280
-0.288618 0.748377 0.002517
-0.333650 0.673109 -0.094080
-0.370331 0.592505 -0.151246
-0.392354 0.525384 -0.188023
-0.393730 0.477411 -0.204576
-0.387079 0.449459 -0.209570
-0.376394 0.435007 -0.208869
-0.365068 0.427188 -0.206704
-0.357119 0.434079 -0.198715
-0.341776 0.448903 -0.183874
-0.320091 0.477145 -0.162991
-0.282448 0.516420 -0.134594
-0.237478 0.566200 -0.103044
-0.192154 0.633045 -0.061221
-0.137208 0.706464 -0.009853
-0.098397 0.782465 0.059598
-0.067212 0.841584 0.136184
-0.054274 0.884773 0.216695
-0.063288 0.908162 0.286479
-0.088706 0.913537 0.338438
-0.122416 0.912651 0.340782
-0.161196 0.904312 0.299869
-0.191556 0.886060 0.226154
-0.218059 0.857797 0.141159
-0.232305 0.831540 0.071411
-0.223405 0.829148 0.026490
-0.195682 0.851534 0.009629
-0.153226 0.890527 0.026663
-0.102355 0.932567 0.065037
-0.053911 0.958999 0.122763
0.000465 0.973523 0.196127
0.052226 0.970879 0.278995
0.094700 0.957805 0.355195
0.126687 0.939490 0.418692
0.154227 0.919794 0.469344
0.182324 0.904789 0.502756
0.209554 0.896268 0.514709
0.243374 0.891447 0.513097
0.274894 0.888739 0.499576
0.303124 0.887156 0.482846
0.324241 0.884322 0.464541
0.337609 0.883028 0.446245
0.342594 0.879511 0.434587
0.341046 0.876591 0.423614
0.342829 0.870755 0.417052
0.335047 0.864481 0.418294
0.330059 0.856212 0.415954
0.323706 0.844963 0.402093
0.309992 0.837535 0.365836
0.284008 0.835651 0.301071
0.237207 0.834613 0.217923
0.176134 0.838021 0.125311
0.114940 0.835823 0.058413
0.073841 0.839250 0.021716
0.065973 0.858256 0.015913
0.078218 0.889208 0.036357
0.101842 0.918319 0.058152
0.134322 0.933636 0.072279
0.158447 0.941869 0.067464
0.166106 0.939501 0.038047
0.167622 0.934695 0.013042
0.164039 0.931588 -0.002758
0.162710 0.934561 0.011991
0.164334 0.940106 0.056116
0.180911 0.940714 0.111357
0.207282 0.930266 0.183488
0.245447 0.907942 0.240859
0.281249 0.872705 0.289822
0.312897 0.825915 0.311880
0.342353 0.764198 0.315521
0.347260 0.700241 0.308947
0.344327 0.642407 0.321806
0.334704 0.604531 0.342955
0.322382 0.598171 0.395809
0.303412 0.619548 0.479043
0.263101 0.641198 0.572597
0.214156 0.655972 0.663872
0.169187 0.648241 0.734947
0.129263 0.638115 0.770428
0.111967 0.635660 0.774677
0.075947 0.646598 0.751329
0.013150 0.660666 0.727741
-0.089131 0.674534 0.713004
-0.227263 0.659319 0.718516
-0.373694 0.619169 0.713735
-0.487206 0.579375 0.674053
-0.589177 0.518102 0.637232
