0.344464 -0.486569 -0.041811
0.341744 -0.480661 -0.051843
0.350897 -0.484611 -0.049276
0.345116 -0.490057 -0.052609
0.344826 -0.492082 -0.057536
0.344947 -0.493848 -0.055113
0.345840 -0.494109 -0.055549
0.348228 -0.491398 -0.057407
0.349424 -0.489844 -0.057636
0.352127 -0.488276 -0.057761
0.352912 -0.487156 -0.053921
0.353548 -0.484666 -0.053114
0.353444 -0.482953 -0.052963
0.353810 -0.481503 -0.052946
0.353789 -0.480755 -0.052774
0.354121 -0.479409 -0.051018
0.354778 -0.479095 -0.050034
0.355131 -0.479651 -0.049311
0.354721 -0.481003 -0.047879
0.356465 -0.482424 -0.045057
0.356561 -0.483118 -0.045131
0.356476 -0.486035 -0.042294
0.355601 -0.488183 -0.039875
0.354100 -0.490619 -0.037405
0.356265 -0.490865 -0.030745
0.354793 -0.491997 -0.026630
0.355095 -0.491753 -0.021908
0.353238 -0.494085 -0.022532
0.352054 -0.497187 -0.024696
0.352120 -0.500961 -0.020944
0.352447 -0.506063 -0.020431
0.351991 -0.516553 -0.019503
0.347971 -0.524889 -0.011858
0.343753 -0.530968 -0.010117
0.339270 -0.533414 -0.011715
0.343408 -0.535178 -0.008890
0.340850 -0.535701 -0.004259
0.339493 -0.539865 -0.008833
0.335160 -0.542447 -0.008609
0.327920 -0.547536 -0.008211
0.329799 -0.549537 -0.013126
0.328002 -0.552448 -0.011592
0.330470 -0.554785 -0.009907
0.326896 -0.554312 -0.013371
0.330533 -0.552758 -0.014410
0.326407 -0.550329 -0.013350
0.323408 -0.550364 -0.013164
0.318876 -0.547642 -0.022483
0.318865 -0.541696 -0.034839
0.316542 -0.537351 -0.054577
0.315263 -0.532251 -0.079109
0.313850 -0.529544 -0.098398
0.312681 -0.524266 -0.115416
0.312699 -0.523633 -0.129518
0.304814 -0.523626 -0.137737
0.300942 -0.523886 -0.137896
0.298952 -0.525851 -0.129382
0.299049 -0.528010 -0.122197
0.303361 -0.530111 -0.118103
0.302660 -0.534467 -0.109213
0.308728 -0.535980 -0.099305
0.310375 -0.536930 -0.083491
0.314183 -0.537463 -0.068579
0.313945 -0.534011 -0.054095
0.315496 -0.532160 -0.044043
0.313617 -0.531594 -0.038881
0.313025 -0.530775 -0.034822
0.315716 -0.527074 -0.032498
0.312535 -0.525033 -0.027970
0.314772 -0.521860 -0.024587
0.316234 -0.518865 -0.024497
0.318226 -0.518051 -0.018441
0.318309 -0.520207 -0.009608
0.319270 -0.522789 0.005017
0.316838 -0.527211 0.020928
0.317111 -0.531146 0.039134
0.316968 -0.535872 0.054985
0.315370 -0.537458 0.070020
0.312831 -0.538337 0.084396
0.313916 -0.538152 0.092503
0.314938 -0.535189 0.093795
0.322120 -0.531593 0.080328
0.330228 -0.526671 0.055324
0.336012 -0.519386 0.025059
0.342509 -0.515408 -0.001962
0.345146 -0.510757 -0.025318
0.348098 -0.505996 -0.037570
0.349560 -0.500505 -0.044416
0.349083 -0.496330 -0.049291
0.350253 -0.491091 -0.054973
0.348955 -0.489337 -0.056420
0.349424 -0.485405 -0.061263
0.350754 -0.482476 -0.060172
0.352791 -0.479803 -0.061059
0.353301 -0.479352 -0.060905
0.353714 -0.477757 -0.061998
0.354105 -0.475374 -0.061577
0.356452 -0.474435 -0.063112
0.354476 -0.473482 -0.059918
0.352697 -0.474334 -0.057832
0.350157 -0.476018 -0.050238
0.345052 -0.480325 -0.048114
0.339689 -0.483691 -0.043575
0.336509 -0.487563 -0.042106
0.335715 -0.490300 -0.039251
0.334327 -0.489714 -0.035278
0.341977 -0.488592 -0.037036
0.342851 -0.485882 -0.030283
0.346470 -0.485027 -0.024151
0.347470 -0.483152 -0.013504
0.353186 -0.481594 -0.002661
0.357130 -0.477857 0.009161
0.358602 -0.476252 0.014734
0.357105 -0.477797 0.018754
0.356091 -0.477469 0.023542
0.353375 -0.481463 0.023334
0.350734 -0.483332 0.022583
0.348378 -0.486883 0.022403
0.343399 -0.491238 0.017438
0.339596 -0.497908 0.010460
0.335393 -0.503901 0.000366
0.332188 -0.510580 -0.011409
0.329087 -0.514429 -0.020091
0.330094 -0.515172 -0.025486
0.332822 -0.513810 -0.028662
0.337753 -0.513771 -0.027415
0.339531 -0.510115 -0.022466
0.341676 -0.508485 -0.019931
0.340036 -0.505744 -0.015274
0.341281 -0.501146 -0.012629
0.345095 -0.500558 -0.009047
0.342002 -0.499818 -0.008745
0.341401 -0.500728 -0.005973
0.338483 -0.499551 -0.006714
0.338326 -0.498924 -0.003105
0.338536 -0.498297 -0.003334
0.336035 -0.498361 -0.009211
0.332596 -0.499935 -0.013387
0.328736 -0.497879 -0.023124
0.325555 -0.498728 -0.028115
0.319515 -0.497093 -0.037798
0.316156 -0.497243 -0.045926
0.313579 -0.497071 -0.054411
0.312450 -0.499173 -0.061009
0.312140 -0.500752 -0.062731
0.311156 -0.503550 -0.063285
0.310794 -0.506753 -0.062910
0.311286 -0.509391 -0.061662
0.313213 -0.512628 -0.059564
0.314474 -0.514642 -0.060821
0.316421 -0.515245 -0.061006
0.315260 -0.515582 -0.059592
0.316110 -0.516711 -0.058048
0.317987 -0.515934 -0.056008
0.318208 -0.516115 -0.052780
0.319506 -0.512397 -0.056156
0.322923 -0.511294 -0.054346
0.321170 -0.507527 -0.055592
0.325244 -0.503945 -0.057047
0.324351 -0.503111 -0.056756
0.324888 -0.502903 -0.056727
0.325876 -0.502997 -0.048073
0.323540 -0.507157 -0.041624
0.321751 -0.508230 -0.034507
0.317794 -0.511529 -0.033746
0.319974 -0.510786 -0.036888
0.319708 -0.508513 -0.042255
0.319347 -0.505253 -0.049944
0.321182 -0.501200 -0.060673
0.319622 -0.499592 -0.068256
0.319147 -0.497752 -0.070881
0.318473 -0.494631 -0.069899
0.316456 -0.492697 -0.069337
0.316398 -0.489627 -0.071591
0.315829 -0.487067 -0.075834
0.316902 -0.483849 -0.081833
0.319224 -0.480320 -0.089915
0.320492 -0.476240 -0.092390
0.321756 -0.474854 -0.097155
0.322921 -0.478637 -0.101731
0.323092 -0.483888 -0.103791
0.320763 -0.489876 -0.110527
0.319412 -0.492650 -0.112697
0.319911 -0.495096 -0.115518
0.318242 -0.497060 -0.112631
0.322596 -0.501682 -0.112704
0.320326 -0.505504 -0.108606
0.322690 -0.505936 -0.103080
0.327196 -0.504024 -0.099866
0.335477 -0.501415 -0.099144
0.340751 -0.500783 -0.096406
0.350242 -0.497898 -0.102112
0.348257 -0.496663 -0.096695
0.358048 -0.496273 -0.088629
0.351528 -0.490772 -0.094655
0.348358 -0.491145 -0.080899
