0.429952 -0.503577 -0.004370
0.427545 -0.496684 -0.014686
0.437454 -0.500166 -0.013709
0.431816 -0.505451 -0.017318
0.431702 -0.507388 -0.022644
0.431863 -0.509211 -0.020346
0.432633 -0.509242 -0.020375
0.435033 -0.506118 -0.022089
0.436175 -0.504626 -0.022209
0.438901 -0.503133 -0.022425
0.439560 -0.501974 -0.018260
0.440151 -0.499246 -0.017245
0.439958 -0.497463 -0.016852
0.440213 -0.495967 -0.016552
0.440028 -0.495243 -0.016001
0.440167 -0.493881 -0.013791
0.440644 -0.493086 -0.012212
0.440672 -0.493378 -0.010666
0.439954 -0.494417 -0.008452
0.441404 -0.495823 -0.004993
0.441189 -0.496696 -0.004475
0.440767 -0.500119 -0.001113
0.439316 -0.502691 0.002321
0.437339 -0.505394 0.005632
0.439132 -0.505587 0.013021
0.437405 -0.506302 0.017754
0.437499 -0.505876 0.022917
0.435676 -0.507692 0.022390
0.434522 -0.510285 0.020323
0.434556 -0.513218 0.024370
0.434920 -0.518054 0.024886
0.435003 -0.528097 0.024937
0.430880 -0.537304 0.032541
0.426309 -0.543430 0.034920
0.422383 -0.545799 0.032310
0.426856 -0.548077 0.034344
0.424644 -0.547892 0.038510
0.423878 -0.551794 0.032834
0.419419 -0.553874 0.033452
0.412388 -0.558299 0.033604
0.413904 -0.559644 0.029575
0.411430 -0.562407 0.032450
0.413311 -0.564490 0.035285
0.409108 -0.562964 0.033166
0.412014 -0.560522 0.033546
0.406876 -0.555432 0.036628
0.403331 -0.553318 0.037854
0.397306 -0.546940 0.030878
0.396263 -0.538635 0.019928
0.392439 -0.532248 0.002105
0.389650 -0.526420 -0.020528
0.387178 -0.523212 -0.038548
0.386333 -0.519737 -0.055801
0.386744 -0.520823 -0.070284
0.379819 -0.524376 -0.079661
0.376489 -0.526772 -0.080593
0.374201 -0.531887 -0.071933
0.373966 -0.536578 -0.064636
0.377061 -0.540094 -0.059215
0.375003 -0.545195 -0.048793
0.378064 -0.546380 -0.035402
0.374458 -0.544244 -0.013928
0.370919 -0.540902 0.007371
0.363450 -0.531388 0.026785
0.358823 -0.522928 0.039843
0.352274 -0.518506 0.046755
0.351578 -0.515378 0.050476
0.355914 -0.510358 0.051786
0.355128 -0.507763 0.055017
0.359129 -0.505572 0.057670
0.362072 -0.503609 0.057144
0.362738 -0.503479 0.064055
0.360659 -0.506444 0.074155
0.358553 -0.509077 0.090270
0.352884 -0.512966 0.107514
0.351872 -0.516900 0.126242
0.352517 -0.521513 0.141756
0.354439 -0.523822 0.155383
0.356210 -0.525331 0.167752
0.362968 -0.526985 0.172929
0.368566 -0.525593 0.171456
0.380478 -0.523785 0.154709
0.392835 -0.520547 0.126331
0.402117 -0.514684 0.092936
0.412076 -0.512582 0.062471
0.417593 -0.509965 0.035919
0.422916 -0.506853 0.020746
0.426727 -0.503440 0.010682
0.428253 -0.501836 0.002680
0.431042 -0.498293 -0.005776
0.430680 -0.497786 -0.008998
0.432161 -0.495376 -0.015938
0.433798 -0.493499 -0.015660
0.436403 -0.491558 -0.017814
0.437020 -0.491909 -0.018097
0.437261 -0.491433 -0.019196
0.437339 -0.490306 -0.018583
0.439519 -0.490706 -0.020281
0.437020 -0.491002 -0.016573
0.434283 -0.492886 -0.013126
0.430348 -0.495431 -0.003422
0.424058 -0.499821 0.000643
0.417329 -0.502993 0.007403
0.412848 -0.505864 0.011155
0.410626 -0.508306 0.016095
0.408117 -0.506685 0.021873
0.414304 -0.503436 0.022526
0.415184 -0.498147 0.029856
0.418469 -0.494166 0.036937
0.418726 -0.489527 0.048796
0.424448 -0.485353 0.059844
0.427768 -0.479180 0.072467
0.428852 -0.475352 0.078478
0.426184 -0.475154 0.083718
0.424467 -0.474001 0.089207
0.421160 -0.477289 0.089568
0.419064 -0.479283 0.088263
0.417330 -0.482101 0.087380
0.413361 -0.487252 0.081381
0.411204 -0.495480 0.072634
0.408630 -0.503294 0.060658
0.407214 -0.512888 0.046599
0.405729 -0.519274 0.035602
0.408014 -0.522754 0.028088
0.411972 -0.524215 0.022585
0.418136 -0.526255 0.021390
0.420235 -0.524292 0.025337
0.422566 -0.522753 0.027529
0.420209 -0.520506 0.033241
0.420990 -0.516073 0.036595
0.423972 -0.515208 0.041579
0.420012 -0.513325 0.043516
0.418760 -0.512679 0.047618
0.415073 -0.509802 0.048316
0.415091 -0.507906 0.051901
0.416122 -0.505625 0.050758
0.415120 -0.505540 0.042686
0.412942 -0.507807 0.036430
0.410571 -0.506356 0.024104
0.408411 -0.508484 0.017040
0.402929 -0.508029 0.006039
0.400292 -0.509851 -0.003957
0.398034 -0.511193 -0.013580
0.397082 -0.515093 -0.021219
0.396985 -0.517906 -0.023920
0.396288 -0.521408 -0.025433
0.395677 -0.526008 -0.025182
0.396165 -0.529281 -0.024257
0.397559 -0.533192 -0.021326
0.398476 -0.535830 -0.022170
0.399833 -0.536358 -0.021057
0.398062 -0.535994 -0.018044
0.398524 -0.535943 -0.015185
0.399831 -0.533614 -0.011418
0.399743 -0.532027 -0.006977
0.401010 -0.526476 -0.009701
0.404242 -0.524768 -0.007392
0.402408 -0.520848 -0.008452
0.406611 -0.517224 -0.010119
0.405525 -0.517065 -0.009688
0.406186 -0.517427 -0.010048
0.406388 -0.516703 0.000189
0.403554 -0.521319 0.007328
0.401376 -0.521809 0.015239
0.397241 -0.525129 0.016278
0.399434 -0.524367 0.013121
0.399196 -0.522368 0.007635
0.398752 -0.519848 -0.000134
0.400664 -0.516320 -0.011144
0.398946 -0.515101 -0.018595
0.398596 -0.512850 -0.021290
0.397933 -0.509700 -0.020320
0.396086 -0.507663 -0.019998
0.396091 -0.504237 -0.022247
0.395607 -0.501201 -0.026489
0.396890 -0.498704 -0.033042
0.399219 -0.495672 -0.041290
0.401748 -0.492462 -0.046200
0.403203 -0.491195 -0.051345
0.405232 -0.495503 -0.057689
0.405579 -0.502033 -0.060595
0.403227 -0.509309 -0.067850
0.401628 -0.512804 -0.069877
0.402328 -0.515707 -0.073307
0.399917 -0.518184 -0.069247
0.403742 -0.522723 -0.068297
0.400609 -0.526836 -0.062792
0.402746 -0.527557 -0.057007
0.407838 -0.526199 -0.055095
0.417221 -0.524428 -0.056866
0.423958 -0.522317 -0.056254
0.434803 -0.518494 -0.064370
0.433735 -0.516873 -0.060860
0.443360 -0.516854 -0.052608
0.436847 -0.512129 -0.059108
0.434097 -0.512381 -0.046299
