-0.060651 0.310023 -0.259762
-0.052150 0.305205 -0.259062
-0.050969 0.303879 -0.260054
-0.045117 0.306704 -0.259832
-0.043426 0.309074 -0.257492
-0.040809 0.313519 -0.255913
-0.039563 0.313652 -0.255898
-0.037742 0.313799 -0.255573
-0.035513 0.314831 -0.255119
-0.033614 0.315012 -0.254535
-0.031736 0.315028 -0.254587
-0.029847 0.314553 -0.254473
-0.027743 0.314370 -0.254570
-0.026150 0.314584 -0.254265
-0.024785 0.314952 -0.254994
-0.023619 0.314866 -0.255288
-0.023569 0.314395 -0.255688
-0.024219 0.315835 -0.254580
-0.025820 0.316746 -0.253316
-0.027487 0.318710 -0.250987
-0.029992 0.321827 -0.247574
-0.034128 0.325986 -0.242725
-0.036584 0.331071 -0.237364
-0.040935 0.334249 -0.230986
-0.043444 0.337830 -0.224256
-0.049990 0.341833 -0.214630
-0.059734 0.343350 -0.200884
-0.076016 0.336944 -0.184524
-0.094901 0.324699 -0.162375
-0.116074 0.302922 -0.137907
-0.142420 0.268434 -0.110232
-0.165629 0.232880 -0.082405
-0.187916 0.198724 -0.059446
-0.215283 0.165947 -0.037118
-0.247229 0.132230 -0.017523
-0.285229 0.102902 0.006621
-0.329237 0.084022 0.031944
-0.365860 0.076677 0.056184
-0.397169 0.088333 0.074111
-0.421716 0.115439 0.086918
-0.435187 0.152650 0.096633
-0.441250 0.200963 0.100268
-0.437499 0.251560 0.095491
-0.420811 0.304937 0.089733
-0.394319 0.347312 0.078440
-0.355721 0.384975 0.060133
-0.313528 0.408544 0.045368
-0.264977 0.426760 0.020652
-0.219115 0.431110 -0.008656
-0.174515 0.427222 -0.037547
-0.133375 0.410071 -0.063037
-0.103586 0.384503 -0.081771
-0.078817 0.359516 -0.091232
-0.064888 0.334401 -0.094074
-0.063335 0.309143 -0.092788
-0.076592 0.277299 -0.087850
-0.099082 0.239749 -0.082147
-0.134576 0.200653 -0.064819
-0.170907 0.167809 -0.047219
-0.210193 0.142383 -0.028060
-0.250175 0.122363 -0.014323
-0.289194 0.107525 0.001827
-0.321439 0.099258 0.020441
-0.345715 0.094623 0.037425
-0.364694 0.098744 0.050495
-0.382271 0.109485 0.063151
-0.398125 0.129731 0.071461
-0.413122 0.162255 0.077585
-0.421622 0.200856 0.082348
-0.423005 0.252747 0.083243
-0.414014 0.297166 0.077339
-0.391161 0.344246 0.064819
-0.362996 0.375092 0.049319
-0.324683 0.393408 0.024640
-0.289104 0.392296 0.001875
-0.250725 0.379780 -0.026217
-0.210311 0.357253 -0.055732
-0.174226 0.326244 -0.083344
-0.139180 0.296820 -0.106737
-0.117132 0.265767 -0.117861
-0.107723 0.238673 -0.121880
-0.115588 0.214077 -0.112673
-0.132731 0.188634 -0.098374
-0.158219 0.166511 -0.077175
-0.184698 0.146269 -0.056641
-0.216195 0.130619 -0.032187
-0.248723 0.120388 -0.010410
-0.284705 0.114309 0.010320
-0.321853 0.120436 0.030120
-0.358310 0.137056 0.045999
-0.381325 0.165890 0.055610
-0.392843 0.206541 0.060792
-0.390850 0.247560 0.058167
-0.372986 0.296801 0.045418
-0.344589 0.339706 0.027933
-0.305200 0.373057 -0.002975
-0.266403 0.397548 -0.032160
-0.229239 0.415892 -0.053619
-0.196892 0.423706 -0.070757
-0.173739 0.431950 -0.076570
-0.163049 0.431907 -0.073779
-0.158003 0.420049 -0.070430
-0.169258 0.392537 -0.062400
-0.188172 0.342847 -0.055369
-0.202836 0.277828 -0.043908
-0.213654 0.213089 -0.025616
-0.221967 0.158069 -0.008803
-0.243052 0.118511 0.018437
-0.269321 0.087641 0.045328
-0.300469 0.069347 0.076493
-0.332925 0.064978 0.107931
-0.361794 0.067180 0.132875
-0.384392 0.071538 0.149704
-0.399415 0.074380 0.157463
-0.407168 0.072366 0.159342
-0.409060 0.065693 0.153355
-0.405945 0.059870 0.146451
-0.403054 0.056384 0.140603
-0.402049 0.057446 0.135208
-0.406095 0.068613 0.128632
-0.408437 0.075015 0.121162
-0.406967 0.078349 0.109261
-0.402204 0.076505 0.096195
-0.394042 0.068928 0.083769
-0.382506 0.056472 0.072533
-0.372223 0.043514 0.064933
-0.364020 0.035202 0.058519
-0.359509 0.030077 0.054743
-0.360718 0.034329 0.051189
-0.367807 0.043867 0.050060
-0.378891 0.062705 0.049243
-0.391330 0.086386 0.049290
-0.401555 0.116178 0.047941
-0.409190 0.154189 0.043690
-0.406030 0.191771 0.029468
-0.392897 0.232103 0.011855
-0.370537 0.269103 -0.007650
-0.339293 0.297495 -0.032282
-0.308922 0.311190 -0.050511
-0.276337 0.314744 -0.067907
-0.243327 0.308244 -0.085225
-0.213108 0.292429 -0.103373
-0.187767 0.272197 -0.117868
-0.168322 0.249887 -0.125573
-0.158094 0.228527 -0.126239
-0.156340 0.208664 -0.117563
-0.160691 0.189608 -0.103685
-0.169604 0.172208 -0.084297
-0.178019 0.157267 -0.064893
-0.183798 0.142096 -0.044897
-0.189153 0.131817 -0.029865
-0.193496 0.124421 -0.021096
-0.198788 0.119081 -0.016758
-0.205455 0.116699 -0.016153
-0.210895 0.116816 -0.013580
-0.215408 0.115733 -0.010944
-0.217008 0.114140 -0.009468
-0.218046 0.113779 -0.009153
-0.216281 0.116635 -0.012201
-0.215622 0.122031 -0.021460
-0.211538 0.131029 -0.036559
-0.209017 0.146219 -0.057268
-0.203823 0.167402 -0.083014
-0.195378 0.194365 -0.115135
-0.182387 0.219359 -0.147093
-0.161018 0.243746 -0.177237
-0.136671 0.263103 -0.201101
-0.112530 0.276816 -0.217808
-0.091727 0.287006 -0.230417
-0.075003 0.291620 -0.239233
-0.063681 0.294916 -0.243973
-0.056342 0.296042 -0.246698
-0.051651 0.297021 -0.247995
-0.048282 0.298132 -0.249194
-0.044974 0.298749 -0.250024
-0.042464 0.298131 -0.251834
-0.041220 0.297266 -0.253072
-0.040944 0.298017 -0.254177
-0.040590 0.298178 -0.254980
-0.042467 0.299242 -0.254977
-0.044075 0.299511 -0.254593
-0.046317 0.300493 -0.254169
-0.047617 0.302050 -0.253054
-0.048574 0.303832 -0.251946
-0.049227 0.305326 -0.250688
-0.050090 0.307111 -0.249321
-0.050495 0.309240 -0.248217
-0.051796 0.310669 -0.247486
-0.052666 0.312192 -0.247371
-0.052748 0.314458 -0.246675
-0.050827 0.316769 -0.246858
-0.048277 0.316555 -0.248434
-0.039651 0.316174 -0.252427
-0.040953 0.312823 -0.256346
-0.040884 0.314629 -0.256803
-0.042003 0.313744 -0.260585
