-0.176872 0.166182 -0.800172
-0.175935 0.164102 -0.797292
-0.176183 0.170300 -0.798567
-0.182837 0.177159 -0.793884
-0.201622 0.180386 -0.787261
-0.235999 0.187007 -0.771741
-0.283536 0.192358 -0.745414
-0.357582 0.197039 -0.696798
-0.460012 0.204754 -0.599760
-0.561144 0.200911 -0.450855
-0.628103 0.182754 -0.278993
-0.660347 0.166882 -0.115037
-0.667232 0.162812 0.018509
-0.656700 0.181868 0.122115
-0.643431 0.225986 0.185551
-0.621122 0.286052 0.222183
-0.595441 0.354991 0.232442
-0.563791 0.401267 0.237758
-0.533331 0.415359 0.241530
-0.507035 0.409805 0.251010
-0.488157 0.380192 0.264326
-0.477720 0.345858 0.278765
-0.471745 0.321112 0.290563
-0.471003 0.302096 0.298535
-0.473013 0.296772 0.302787
-0.474739 0.301112 0.302098
-0.475590 0.312645 0.299040
-0.470098 0.332241 0.295518
-0.460976 0.351281 0.292588
-0.452582 0.357681 0.287997
-0.458096 0.338672 0.275954
-0.470106 0.297869 0.263711
-0.478159 0.242813 0.252285
-0.497990 0.200423 0.247686
-0.522496 0.182766 0.240405
-0.542862 0.189115 0.239067
-0.561537 0.227062 0.232807
-0.568622 0.288833 0.217115
-0.562028 0.358790 0.204185
-0.536214 0.427335 0.193351
-0.515761 0.464721 0.186936
-0.490884 0.471218 0.195896
-0.483597 0.430519 0.221998
-0.486846 0.343351 0.251882
-0.476799 0.214105 0.275372
-0.459822 0.084762 0.276501
-0.424758 -0.019329 0.261188
-0.397355 -0.071238 0.255043
-0.397091 -0.081139 0.261560
-0.414560 -0.056475 0.270989
-0.441348 0.008841 0.286710
-0.468751 0.095245 0.293462
-0.489455 0.186463 0.285898
-0.505403 0.262748 0.269381
-0.519918 0.316757 0.249276
-0.535465 0.343219 0.236086
-0.550184 0.350069 0.226249
-0.563931 0.361106 0.213445
-0.570814 0.378334 0.197574
-0.574905 0.410162 0.173048
-0.574426 0.447960 0.137697
-0.569598 0.487542 0.090949
-0.567001 0.514663 0.041463
-0.558311 0.537480 -0.023178
-0.553374 0.538362 -0.094643
-0.541022 0.537355 -0.190099
-0.519324 0.525317 -0.302361
-0.474001 0.502008 -0.433713
-0.409417 0.466010 -0.554516
-0.337731 0.411754 -0.653728
-0.264476 0.365252 -0.722875
-0.212440 0.320899 -0.762522
-0.176120 0.294390 -0.782548
-0.164748 0.279613 -0.789800
-0.165459 0.271020 -0.792238
-0.169429 0.262341 -0.793260
-0.177897 0.258897 -0.790542
-0.191259 0.257179 -0.788699
-0.203203 0.260525 -0.781028
-0.214748 0.254690 -0.781859
