0.015473 -0.008102 -0.323434
0.018359 -0.005219 -0.321370
0.017369 -0.006132 -0.322608
0.015414 0.000448 -0.320079
0.010188 0.004169 -0.319587
0.002962 0.009754 -0.318137
-0.005449 0.017714 -0.315846
-0.022396 0.027345 -0.312220
-0.047571 0.039820 -0.305012
-0.083927 0.049886 -0.293851
-0.130908 0.058959 -0.272206
-0.183004 0.064028 -0.238409
-0.226236 0.068576 -0.197853
-0.253163 0.075511 -0.159862
-0.264480 0.083453 -0.133037
-0.262726 0.097936 -0.118174
-0.252794 0.112095 -0.114651
-0.240471 0.125132 -0.116703
-0.227359 0.133946 -0.123871
-0.218228 0.139028 -0.128867
-0.212450 0.142144 -0.130701
-0.213497 0.142074 -0.127809
-0.217647 0.140035 -0.123525
-0.223535 0.135188 -0.119843
-0.228232 0.132095 -0.117408
-0.231107 0.127748 -0.118681
-0.233666 0.122887 -0.121910
-0.235902 0.116789 -0.126857
-0.238855 0.109806 -0.131445
-0.239624 0.104198 -0.137318
-0.241488 0.092620 -0.148152
-0.241748 0.081419 -0.158505
-0.239501 0.075298 -0.167294
-0.245554 0.070341 -0.164077
-0.250046 0.068547 -0.159018
-0.256857 0.064368 -0.153777
-0.259725 0.062445 -0.151486
-0.257143 0.064501 -0.154897
-0.254912 0.069386 -0.154944
-0.248507 0.079904 -0.155753
-0.247174 0.082280 -0.156235
-0.245017 0.082324 -0.157697
-0.248922 0.077107 -0.157256
-0.255306 0.067735 -0.157722
-0.257269 0.069753 -0.154483
-0.267872 0.064721 -0.143518
-0.279557 0.051552 -0.136069
-0.288548 0.037866 -0.129286
-0.294419 0.032565 -0.121851
-0.293962 0.032770 -0.124291
-0.288036 0.039501 -0.129675
-0.280385 0.047754 -0.137289
-0.271620 0.052381 -0.145614
-0.266005 0.057206 -0.150108
-0.262650 0.058436 -0.151767
-0.262879 0.060091 -0.149451
-0.263226 0.058916 -0.147568
-0.261962 0.061373 -0.146753
-0.258161 0.064645 -0.148583
-0.251248 0.072104 -0.152023
-0.242024 0.077891 -0.159425
-0.227083 0.086815 -0.170754
-0.211232 0.094186 -0.182654
-0.187283 0.101675 -0.200983
-0.159732 0.104600 -0.221124
-0.129465 0.103305 -0.241846
-0.100037 0.097620 -0.260569
-0.070920 0.085868 -0.278606
-0.046730 0.071892 -0.291765
-0.028002 0.055153 -0.301635
-0.015184 0.037006 -0.309954
-0.005765 0.020536 -0.315266
0.002731 0.011640 -0.317607
0.004731 0.007424 -0.318330
0.003965 0.005993 -0.318943
0.003014 0.003556 -0.319607
0.001198 0.002646 -0.318917
-0.003393 0.002369 -0.320212
-0.007293 0.004408 -0.316213
-0.013492 -0.000089 -0.318941
