0.304635 -0.379726 0.027068
0.306033 -0.381470 0.025997
0.310381 -0.378919 0.025251
0.310061 -0.378779 0.020702
0.314599 -0.377849 0.022022
0.314535 -0.379529 0.019937
0.315879 -0.380236 0.015513
0.316701 -0.380784 0.013472
0.317425 -0.380713 0.011676
0.317852 -0.381125 0.012444
0.316301 -0.382941 0.012509
0.315762 -0.382837 0.014776
0.315773 -0.382504 0.017137
0.315924 -0.382426 0.019754
0.314785 -0.382453 0.021376
0.314955 -0.381713 0.022742
0.315658 -0.380837 0.024676
0.318020 -0.379216 0.026645
0.319955 -0.378113 0.028647
0.321227 -0.378313 0.031006
0.321431 -0.377812 0.032534
0.320896 -0.378329 0.033106
0.320863 -0.378044 0.033824
0.320456 -0.378071 0.032150
0.319428 -0.378527 0.029506
0.319905 -0.378412 0.030927
0.321443 -0.376661 0.031783
0.327899 -0.373503 0.036989
0.336152 -0.368065 0.038641
0.346885 -0.360718 0.063788
0.362492 -0.343880 0.095333
0.374622 -0.323351 0.141625
0.379834 -0.296031 0.193996
0.379538 -0.259805 0.251371
0.371342 -0.205973 0.313136
0.352254 -0.138933 0.373700
0.329459 -0.062787 0.417480
0.306876 0.007367 0.445695
0.285521 0.060872 0.458101
0.264985 0.089638 0.466631
0.250473 0.094670 0.473237
0.241735 0.081791 0.475072
0.231608 0.053937 0.479804
0.225448 0.021950 0.477892
0.217021 -0.012741 0.477544
0.226886 -0.043277 0.469212
0.255413 -0.071345 0.454325
0.284506 -0.092561 0.436124
0.319689 -0.104842 0.412572
0.348525 -0.105460 0.393863
0.374394 -0.107467 0.371456
0.395729 -0.104795 0.355995
0.420558 -0.100877 0.333223
0.440461 -0.095609 0.317977
0.454929 -0.090952 0.302032
0.463589 -0.090648 0.291725
0.465656 -0.089579 0.287592
0.459206 -0.097767 0.290411
0.450879 -0.107308 0.293917
0.436010 -0.124928 0.297479
0.419104 -0.141087 0.304887
0.405481 -0.155012 0.305579
0.389523 -0.167119 0.315353
0.373347 -0.180229 0.320862
0.354781 -0.195706 0.326355
0.335500 -0.208923 0.330509
0.318502 -0.221555 0.332443
0.305603 -0.231676 0.331542
0.295956 -0.240506 0.330098
0.292399 -0.247394 0.325505
0.293825 -0.253851 0.318954
0.298237 -0.258915 0.313611
0.304596 -0.262522 0.307613
0.310348 -0.261868 0.308730
0.312244 -0.253814 0.315654
0.312621 -0.237853 0.331279
0.311578 -0.219186 0.348825
0.308880 -0.196544 0.367931
0.304305 -0.179093 0.382072
0.306118 -0.165654 0.388197
0.318070 -0.160366 0.384175
0.328493 -0.168040 0.372566
0.341996 -0.187524 0.350547
0.350071 -0.215384 0.322819
0.357286 -0.243455 0.290961
0.359734 -0.273098 0.253297
0.356236 -0.303949 0.213226
0.355865 -0.325221 0.173001
0.348900 -0.341945 0.138230
0.347962 -0.349904 0.108039
0.350194 -0.351676 0.089792
0.350829 -0.353538 0.072232
0.352520 -0.354963 0.058416
0.351348 -0.356780 0.048850
0.349457 -0.359833 0.042346
0.348930 -0.361182 0.035663
0.346576 -0.362812 0.030844
0.345508 -0.363021 0.034089
0.349164 -0.359348 0.041283
0.357396 -0.353593 0.061105
0.370710 -0.341497 0.084307
0.387221 -0.319188 0.124385
0.401690 -0.291487 0.160440
0.409928 -0.263168 0.199146
0.418154 -0.229196 0.230917
0.411663 -0.207571 0.262141
0.396729 -0.191553 0.293407
0.370984 -0.189376 0.318107
0.344875 -0.193705 0.339472
0.324548 -0.209818 0.340308
0.299165 -0.233010 0.340351
0.287345 -0.253179 0.330124
0.278989 -0.269749 0.321577
0.279972 -0.278861 0.313512
0.284303 -0.282041 0.307486
0.290778 -0.280879 0.306043
0.296798 -0.272033 0.311409
0.304968 -0.262027 0.319854
0.317915 -0.243961 0.327770
0.334408 -0.223059 0.337147
0.354106 -0.196837 0.340997
0.370488 -0.169951 0.345748
0.380460 -0.149086 0.348908
0.384172 -0.128731 0.356119
0.379527 -0.118090 0.363521
0.376801 -0.102474 0.373113
0.371886 -0.092462 0.381299
0.366786 -0.090464 0.386308
0.365321 -0.096047 0.385275
0.357484 -0.113001 0.384028
0.353560 -0.131554 0.379370
0.346496 -0.148249 0.374067
0.338190 -0.162199 0.372185
0.327151 -0.164122 0.376557
0.311123 -0.152576 0.392554
0.293537 -0.129019 0.413995
0.277823 -0.103505 0.431006
0.264747 -0.075028 0.446038
0.263053 -0.048926 0.450792
0.272823 -0.025739 0.451553
0.292826 -0.006181 0.445066
0.313699 0.009074 0.436331
0.332312 0.021819 0.426463
0.348731 0.033176 0.416842
0.359016 0.047526 0.411121
0.363546 0.060641 0.408718
0.364066 0.077263 0.408672
0.361832 0.091275 0.408979
0.359388 0.103616 0.409863
0.358980 0.111451 0.408618
0.359789 0.115828 0.407713
0.364810 0.114128 0.404715
0.370855 0.108749 0.401506
0.376640 0.103939 0.397701
0.385553 0.094044 0.391852
0.392348 0.083003 0.386059
0.399095 0.066687 0.379543
0.400429 0.047491 0.376539
0.394504 0.028007 0.379623
0.383210 0.009157 0.385085
0.360214 -0.002121 0.398656
0.345288 -0.004228 0.408849
0.330984 -0.001128 0.418886
0.318588 0.016870 0.429805
0.304552 0.029625 0.438355
0.288736 0.045828 0.447715
0.276241 0.060408 0.453025
0.260228 0.072951 0.458462
0.245798 0.079841 0.462765
0.234286 0.079992 0.464599
0.226998 0.077478 0.465600
0.231071 0.074099 0.463729
0.246024 0.069696 0.457591
0.265666 0.068031 0.448973
0.296239 0.066341 0.433773
0.322017 0.064695 0.417406
0.354741 0.060126 0.395688
0.377808 0.040679 0.375193
0.405330 0.018400 0.352030
0.423885 -0.017498 0.328951
0.448783 -0.044051 0.298457
0.468168 -0.063625 0.270321
0.485049 -0.071399 0.247232
0.495999 -0.069921 0.236693
0.496990 -0.076335 0.234714
0.499341 -0.074268 0.236658
0.502207 -0.074009 0.232712
0.499807 -0.088041 0.231068
0.499044 -0.097676 0.227804
0.490399 -0.123666 0.224415
0.482033 -0.153084 0.215959
0.468716 -0.185021 0.209551
0.450278 -0.222021 0.198648
0.431275 -0.259840 0.182464
0.403420 -0.291169 0.166201
0.379326 -0.315739 0.143717
