0.387658 -0.837454 0.266435
0.383241 -0.838069 0.269434
0.390307 -0.838443 0.262221
0.394954 -0.839030 0.254512
0.400442 -0.839199 0.253307
0.405381 -0.840399 0.250267
0.409587 -0.842942 0.240959
0.415526 -0.844572 0.234468
0.421369 -0.847349 0.224166
0.427248 -0.849315 0.218688
0.428903 -0.852725 0.213330
0.431488 -0.853381 0.212012
0.433221 -0.853483 0.212303
0.435601 -0.853167 0.214138
0.435006 -0.852232 0.217743
0.434513 -0.849925 0.223214
0.434501 -0.846717 0.230921
0.434870 -0.842089 0.240653
0.434282 -0.837407 0.251544
0.427034 -0.834030 0.265169
0.417394 -0.829906 0.277701
0.401516 -0.826717 0.290308
0.386672 -0.822867 0.301230
0.367347 -0.821260 0.306176
0.350470 -0.819705 0.308975
0.332673 -0.818826 0.313022
0.316220 -0.812760 0.320740
0.305282 -0.803532 0.334090
0.281595 -0.784443 0.350663
0.237807 -0.750314 0.395482
0.172865 -0.677508 0.450917
0.094806 -0.568186 0.509679
0.031068 -0.452348 0.551252
-0.010723 -0.322975 0.594023
-0.008662 -0.198782 0.672650
0.021437 -0.073992 0.773759
0.088037 0.031652 0.871905
0.168180 0.135976 0.933474
0.223837 0.215875 0.953958
0.226063 0.243696 0.965085
0.174487 0.233972 0.971761
0.100774 0.195772 0.965830
0.001163 0.143161 0.940932
-0.093350 0.073416 0.889503
-0.171014 0.004082 0.828044
-0.210438 -0.066507 0.755416
-0.207832 -0.127598 0.690851
-0.183949 -0.171649 0.655213
-0.129280 -0.204455 0.661990
-0.063114 -0.218429 0.696347
0.027671 -0.231694 0.743015
0.148241 -0.226625 0.800531
0.303913 -0.222761 0.828443
0.453698 -0.191988 0.832020
0.578953 -0.162702 0.805197
0.646804 -0.140959 0.779173
0.658823 -0.120978 0.772778
0.613847 -0.105292 0.790145
0.518883 -0.092842 0.812445
0.383867 -0.090446 0.816899
0.228288 -0.096821 0.790000
0.095096 -0.121881 0.725423
0.001443 -0.148235 0.665699
-0.060487 -0.184510 0.613223
-0.097916 -0.224968 0.586957
-0.125620 -0.264578 0.571291
-0.141051 -0.300893 0.569553
-0.152572 -0.325411 0.566051
-0.164916 -0.336365 0.558382
-0.169269 -0.343970 0.551870
-0.167214 -0.343783 0.549303
-0.159409 -0.346119 0.551645
-0.142878 -0.347124 0.565129
-0.118650 -0.341508 0.597388
-0.088129 -0.331944 0.643224
-0.055000 -0.315288 0.695373
-0.024049 -0.302343 0.741436
0.004024 -0.279440 0.784940
0.028755 -0.259540 0.819457
0.061574 -0.244627 0.843902
0.100946 -0.240114 0.853432
0.137991 -0.260994 0.850869
0.174086 -0.307637 0.831259
0.204217 -0.374980 0.799223
0.238795 -0.457101 0.753584
0.262518 -0.543919 0.690230
0.288649 -0.629005 0.617548
0.323484 -0.696505 0.540158
0.347897 -0.741076 0.476458
0.378477 -0.766330 0.423257
0.405224 -0.775399 0.391679
0.420832 -0.781275 0.365226
0.443310 -0.784358 0.343164
0.456432 -0.786356 0.328361
0.465673 -0.789816 0.316779
0.478949 -0.789975 0.305731
0.489752 -0.789148 0.298134
0.503061 -0.784000 0.301780
0.520527 -0.770457 0.315744
0.543515 -0.744009 0.355452
0.574059 -0.699828 0.406725
0.613010 -0.627310 0.481855
0.641779 -0.543570 0.550974
0.652054 -0.450395 0.623440
0.633407 -0.360469 0.689326
0.559167 -0.293064 0.756750
0.439958 -0.262728 0.809905
0.286371 -0.261303 0.829353
0.127331 -0.263660 0.810095
0.002451 -0.295896 0.743482
-0.093147 -0.340662 0.669300
-0.149600 -0.377226 0.589731
-0.185971 -0.399192 0.523473
-0.202118 -0.400799 0.476071
-0.206815 -0.394430 0.448471
-0.205850 -0.383906 0.434305
-0.203447 -0.372574 0.426959
-0.195229 -0.364364 0.434029
-0.180087 -0.348840 0.449008
-0.158883 -0.326838 0.477142
-0.130177 -0.289260 0.516022
-0.098552 -0.244366 0.565224
-0.057214 -0.199258 0.631095
-0.006770 -0.144752 0.703412
0.060909 -0.106268 0.778308
0.135714 -0.075044 0.836610
0.214255 -0.061879 0.879216
0.282318 -0.070577 0.902229
0.333058 -0.095609 0.907447
0.334937 -0.129122 0.906461
0.294710 -0.167720 0.897958
0.222263 -0.198152 0.879815
0.138797 -0.224713 0.851810
0.070181 -0.238951 0.826081
0.025684 -0.229948 0.824113
0.008603 -0.202037 0.846645
0.024716 -0.159634 0.885419
0.061856 -0.108895 0.927072
0.118294 -0.060645 0.953398
0.190528 -0.006587 0.967853
0.272480 0.044725 0.965354
0.347897 0.086903 0.952546
0.410799 0.118690 0.934558
0.461041 0.146101 0.915179
0.494204 0.174150 0.900402
0.506120 0.201327 0.892024
0.504666 0.234985 0.887274
0.491405 0.266304 0.884669
0.475021 0.294320 0.883113
0.457118 0.315253 0.880358
0.439278 0.328485 0.879056
0.428077 0.333307 0.875526
0.417610 0.331549 0.872546
0.411437 0.333071 0.866734
0.412994 0.325085 0.860437
0.410968 0.319715 0.852241
0.397595 0.312898 0.841152
0.362114 0.298699 0.833848
0.298429 0.272518 0.832048
0.216569 0.225907 0.831128
0.124962 0.165645 0.834793
0.058980 0.105546 0.832738
0.022575 0.065345 0.836223
0.016579 0.058180 0.854997
0.036080 0.070581 0.885513
0.056875 0.094233 0.914193
0.070248 0.126500 0.929369
0.064969 0.150448 0.937599
0.035613 0.158158 0.935411
0.010658 0.159569 0.930822
-0.005131 0.155933 0.927840
0.009427 0.154516 0.930753
0.053119 0.156009 0.936175
0.107852 0.172302 0.936751
0.179553 0.198205 0.926420
0.236661 0.235565 0.904461
0.285819 0.270607 0.869663
0.308194 0.301012 0.823619
0.312796 0.329192 0.762579
0.306931 0.332931 0.699393
0.320472 0.329269 0.641783
0.341938 0.319259 0.603744
0.394321 0.307158 0.596758
0.476239 0.288731 0.617066
0.567758 0.249191 0.638111
0.657172 0.201408 0.652347
0.726840 0.157435 0.644634
0.761373 0.117973 0.634610
0.765470 0.100702 0.631992
0.742134 0.064606 0.642611
0.718577 0.002195 0.656005
0.703470 -0.098979 0.669108
0.707908 -0.235272 0.653792
0.702270 -0.379677 0.613632
0.662128 -0.491932 0.574208
0.624995 -0.592833 0.513272
