0.257510 -0.055277 0.003326
0.258185 -0.055603 0.002096
0.259787 -0.055206 0.002343
0.260563 -0.055658 0.000161
0.263029 -0.053339 0.003860
0.264271 -0.052919 0.004772
0.266448 -0.051582 0.005943
0.269604 -0.049484 0.009142
0.271830 -0.047931 0.011171
0.275966 -0.044903 0.015521
0.279553 -0.041885 0.019666
0.282277 -0.038828 0.026039
0.284095 -0.036609 0.031874
0.285018 -0.034641 0.038246
0.285161 -0.032509 0.043776
0.285496 -0.030335 0.050135
0.286677 -0.027847 0.054989
0.288601 -0.024294 0.060941
0.290930 -0.020018 0.066618
0.295309 -0.013453 0.073729
0.299806 -0.004688 0.083818
0.304973 0.005322 0.093578
0.308843 0.016702 0.104579
0.311849 0.028969 0.116520
0.313818 0.043350 0.129538
0.314611 0.060279 0.143774
0.315986 0.076817 0.154456
0.316847 0.094946 0.164276
0.319162 0.112526 0.170873
0.319689 0.127427 0.176033
0.321719 0.141547 0.179071
0.322796 0.153874 0.181734
0.325546 0.167885 0.182855
0.327360 0.180197 0.183767
0.330000 0.193937 0.183624
0.330694 0.206544 0.184448
0.333496 0.217689 0.183049
0.335034 0.227678 0.182087
0.335838 0.239033 0.180192
0.335085 0.248426 0.180086
0.334085 0.261431 0.178580
0.332073 0.273696 0.177050
0.329397 0.288142 0.175252
0.326760 0.300495 0.173354
0.326516 0.311787 0.169048
0.327020 0.320234 0.164702
0.328365 0.326392 0.160410
0.328731 0.332052 0.157320
0.330513 0.336629 0.153315
0.331579 0.341697 0.149206
0.331610 0.346319 0.146758
0.331308 0.350758 0.144264
0.330859 0.354785 0.142026
0.331134 0.357061 0.140197
0.331287 0.357858 0.139352
0.332608 0.357057 0.138269
0.334200 0.356315 0.136560
0.336701 0.353906 0.135090
0.339028 0.351516 0.133573
0.341024 0.350291 0.131539
0.340980 0.350050 0.130920
0.341096 0.351341 0.129339
0.340519 0.351492 0.129871
0.340098 0.353808 0.128225
0.339444 0.356501 0.127147
0.338477 0.357629 0.127498
0.338767 0.356390 0.128216
0.339688 0.351452 0.130875
0.340219 0.344797 0.134795
0.340476 0.337921 0.138917
0.340575 0.330952 0.142757
0.341308 0.323009 0.146304
0.343663 0.311514 0.149299
0.347437 0.297464 0.151245
0.352423 0.278429 0.152136
0.357335 0.256370 0.152508
0.360604 0.227761 0.151965
0.365151 0.195637 0.146340
0.365240 0.159539 0.139438
0.365940 0.129515 0.127790
0.364291 0.102403 0.113593
0.364294 0.082561 0.098590
0.364147 0.068532 0.083832
0.362994 0.056020 0.069297
0.360219 0.045939 0.058086
0.356543 0.036064 0.046983
0.351340 0.026664 0.039196
0.343543 0.014943 0.030604
0.335771 0.004997 0.023495
0.327051 -0.004580 0.016828
0.318199 -0.013486 0.010607
0.311929 -0.018969 0.004969
0.305696 -0.025121 -0.000862
0.300060 -0.030216 -0.004942
0.295523 -0.032895 -0.008895
0.290997 -0.035827 -0.007310
