0.416153 0.131408 -0.011814
0.410221 0.112023 -0.011901
0.402208 0.093050 -0.005611
0.386259 0.062625 -0.006928
0.370167 0.037586 -0.006452
0.347583 0.011299 -0.005147
0.321723 -0.015010 -0.006860
0.293945 -0.035973 -0.008084
0.265614 -0.052639 -0.007453
0.241525 -0.062833 -0.006522
0.222937 -0.069023 -0.006668
0.207326 -0.072761 -0.007964
0.199953 -0.074427 -0.010166
0.194782 -0.075329 -0.010879
0.192855 -0.075712 -0.010848
0.190952 -0.075898 -0.009239
0.190041 -0.075974 -0.007384
0.191075 -0.075697 -0.005578
0.193539 -0.075337 -0.003660
0.196725 -0.074823 -0.001823
0.199318 -0.074464 -0.000646
0.202954 -0.074017 0.000639
0.205532 -0.073880 0.000145
0.208017 -0.073791 -0.000110
0.209042 -0.074055 -0.000629
0.209216 -0.074264 -0.001950
0.208119 -0.074772 -0.002762
0.206715 -0.075465 -0.005273
0.205810 -0.075826 -0.006997
0.205065 -0.076238 -0.008351
0.204802 -0.076221 -0.009887
0.204365 -0.076278 -0.010258
0.203781 -0.076162 -0.010717
0.203482 -0.076458 -0.010838
0.203052 -0.076300 -0.011345
0.202637 -0.076239 -0.009767
0.203762 -0.075942 -0.009503
0.204088 -0.075563 -0.008582
0.204599 -0.074925 -0.007057
0.204982 -0.074388 -0.006205
0.205794 -0.073841 -0.004969
0.205485 -0.073281 -0.003596
0.204973 -0.073228 -0.003186
0.204896 -0.072982 -0.003693
0.204792 -0.072912 -0.004658
0.204931 -0.072601 -0.006616
0.204429 -0.072708 -0.008363
0.203904 -0.072409 -0.010587
0.203285 -0.072548 -0.012837
0.203531 -0.072398 -0.014632
0.204253 -0.072264 -0.016775
0.205417 -0.072143 -0.017454
0.206772 -0.072466 -0.020295
0.208199 -0.072028 -0.019967
0.208793 -0.072159 -0.019675
0.209525 -0.071554 -0.016653
0.210525 -0.070844 -0.010262
0.212670 -0.069185 -0.004185
0.213340 -0.067868 0.001661
0.213963 -0.066622 0.005765
0.214462 -0.065846 0.006988
0.214916 -0.065431 0.008234
0.215800 -0.065407 0.005576
0.216403 -0.065917 0.002772
0.216415 -0.066592 -0.001428
0.217008 -0.066937 -0.005085
0.218334 -0.066957 -0.008560
0.219485 -0.067214 -0.010293
0.220550 -0.066988 -0.010954
0.222030 -0.066908 -0.011565
0.223496 -0.066220 -0.010208
0.228477 -0.063952 -0.006401
0.232807 -0.061777 -0.002750
0.238246 -0.059100 0.003075
0.244433 -0.055585 0.009618
0.251096 -0.051074 0.017686
0.257539 -0.046638 0.023852
0.263522 -0.042302 0.030263
0.270446 -0.037487 0.033358
0.276924 -0.033033 0.036473
0.284151 -0.028215 0.036831
0.289440 -0.023951 0.039030
0.293442 -0.020858 0.039850
0.295415 -0.019221 0.041079
0.297896 -0.017108 0.042100
0.299066 -0.015871 0.042498
0.298483 -0.015408 0.043812
0.298302 -0.015337 0.043599
0.299145 -0.014589 0.043329
0.300407 -0.014376 0.041083
0.302194 -0.013929 0.038938
0.304138 -0.013558 0.035129
0.304570 -0.014131 0.031925
0.304172 -0.014794 0.029280
0.301500 -0.017753 0.026467
0.297014 -0.022239 0.023552
0.290905 -0.026763 0.022792
0.283942 -0.032121 0.021161
0.277218 -0.036857 0.020854
0.269693 -0.042370 0.018145
0.262764 -0.047254 0.015433
0.254748 -0.052658 0.010598
0.248640 -0.056586 0.007268
0.240753 -0.061553 0.001640
0.232475 -0.064701 0.000760
0.221359 -0.069075 -0.001751
0.212597 -0.071277 -0.001927
0.204575 -0.073235 -0.002733
0.198814 -0.074256 -0.003337
0.193463 -0.075126 -0.004655
0.190567 -0.075618 -0.005251
0.188545 -0.075725 -0.004832
0.188766 -0.075792 -0.005476
0.190423 -0.075728 -0.006759
0.191429 -0.075985 -0.006919
0.193171 -0.075785 -0.008227
0.194398 -0.075936 -0.009189
0.194968 -0.075692 -0.010271
0.196266 -0.075595 -0.013001
0.196748 -0.075455 -0.015658
0.197101 -0.075496 -0.018007
0.197478 -0.075516 -0.018811
0.198011 -0.075309 -0.020165
0.199457 -0.074790 -0.021031
0.201697 -0.073718 -0.021522
0.208281 -0.072286 -0.021965
0.220333 -0.068008 -0.025432
0.236786 -0.061058 -0.026232
0.257974 -0.052096 -0.028291
0.278166 -0.040951 -0.019985
0.303257 -0.022642 -0.000568
0.322816 -0.000416 0.028017
0.329040 0.027299 0.077675
0.322915 0.056922 0.122040
0.306614 0.090551 0.165919
0.291968 0.119852 0.192895
0.284740 0.140303 0.205570
0.290471 0.148906 0.206473
0.301144 0.146228 0.197886
0.319115 0.139589 0.184058
0.339594 0.129684 0.161055
0.355630 0.124369 0.140823
0.370770 0.121732 0.118536
0.380243 0.121843 0.102704
0.386623 0.125226 0.091535
0.391644 0.126825 0.080417
0.393926 0.128010 0.074483
0.395865 0.126106 0.066590
0.396026 0.122568 0.061752
0.395223 0.116512 0.056484
0.393416 0.111669 0.055949
0.390524 0.107678 0.059767
0.387381 0.104775 0.065436
0.384617 0.103121 0.070554
0.382856 0.103906 0.074798
0.380691 0.102563 0.077540
0.378867 0.100581 0.078407
0.376097 0.097175 0.080180
0.371471 0.089682 0.081488
0.366094 0.080963 0.082282
0.359002 0.070865 0.083911
0.353192 0.061977 0.084808
0.348612 0.054233 0.083989
0.344376 0.047407 0.082877
0.342908 0.043956 0.079830
0.342492 0.041799 0.076750
0.343160 0.040130 0.072444
0.343684 0.038035 0.068067
0.343044 0.035804 0.065422
0.342490 0.034077 0.063521
0.341786 0.033325 0.063933
0.342403 0.034439 0.064515
0.342786 0.036260 0.066521
0.342432 0.036043 0.067572
0.342410 0.035853 0.067068
0.342382 0.035047 0.065258
0.341936 0.033851 0.063401
0.341526 0.032961 0.062893
0.341539 0.033926 0.064841
0.341965 0.036250 0.068833
0.342224 0.038294 0.072689
0.343600 0.040359 0.074189
0.344196 0.040551 0.073850
0.342574 0.035457 0.069648
0.339464 0.029230 0.064966
0.331391 0.017139 0.055450
0.320527 0.000895 0.045005
0.303618 -0.017477 0.032295
0.280714 -0.035414 0.026363
0.252200 -0.050812 0.021048
0.224108 -0.061446 0.017697
0.204286 -0.067735 0.008484
0.191680 -0.072531 -0.002757
0.189834 -0.073602 -0.008397
0.197159 -0.072188 -0.018947
0.198986 -0.069432 -0.020546
