0.658153 0.144730 0.046994
0.652415 0.101597 0.046694
0.642521 0.069663 0.056861
0.623677 0.016687 0.054082
0.600621 -0.034114 0.056396
0.566227 -0.087808 0.062469
0.525047 -0.140998 0.063753
0.476281 -0.188179 0.067985
0.425514 -0.225842 0.073987
0.378488 -0.252424 0.080058
0.339490 -0.270388 0.083149
0.306282 -0.282813 0.083060
0.285912 -0.289618 0.082049
0.270705 -0.293810 0.082402
0.261907 -0.294490 0.086967
0.251723 -0.294595 0.094095
0.243729 -0.293473 0.102213
0.238188 -0.291396 0.110412
0.238495 -0.288015 0.118597
0.238669 -0.284992 0.125728
0.240321 -0.282175 0.131167
0.243521 -0.279203 0.136479
0.248079 -0.277527 0.137685
0.252975 -0.276602 0.137899
0.254910 -0.277645 0.135926
0.257528 -0.279297 0.131568
0.257972 -0.281831 0.127011
0.257500 -0.285172 0.119802
0.257360 -0.287510 0.114379
0.256765 -0.289317 0.110493
0.255746 -0.290420 0.107259
0.253879 -0.290579 0.107314
0.250771 -0.289857 0.108976
0.246580 -0.289691 0.111122
0.244647 -0.287584 0.114467
0.242269 -0.285472 0.120043
0.243524 -0.282643 0.124263
0.244082 -0.279905 0.128693
0.245105 -0.277410 0.132796
0.247700 -0.275222 0.135360
0.251298 -0.273743 0.137046
0.252688 -0.272634 0.138636
0.253803 -0.273545 0.137129
0.254565 -0.273742 0.135692
0.254453 -0.274460 0.133589
0.254549 -0.274914 0.130523
0.252689 -0.274828 0.129544
0.249305 -0.273536 0.129720
0.246604 -0.270851 0.132073
0.243384 -0.267291 0.135794
0.242123 -0.260322 0.142598
0.240599 -0.248268 0.155583
0.241990 -0.229273 0.170417
0.240773 -0.205821 0.187971
0.240166 -0.177964 0.203978
0.237287 -0.147426 0.219296
0.232292 -0.118149 0.233640
0.225804 -0.087946 0.244160
0.221291 -0.063253 0.250891
0.219219 -0.042939 0.253981
0.218496 -0.028504 0.253543
0.218352 -0.017410 0.252941
0.219851 -0.012743 0.249317
0.222958 -0.009044 0.245511
0.225723 -0.008210 0.240862
0.229516 -0.008043 0.236937
0.232554 -0.007586 0.233251
0.236997 -0.007992 0.231338
0.240014 -0.006973 0.230332
0.246350 -0.004436 0.228655
0.254304 0.000492 0.228120
0.267281 0.009723 0.228686
0.282537 0.020170 0.227491
0.298136 0.031925 0.227412
0.315381 0.044180 0.226904
0.331704 0.055810 0.228109
0.347369 0.066686 0.227047
0.361247 0.074837 0.227565
0.376485 0.082090 0.224818
0.388820 0.087540 0.223933
0.403011 0.093865 0.218954
0.413022 0.099092 0.217322
0.420536 0.104915 0.213712
0.423810 0.110025 0.211402
0.426754 0.115405 0.209538
0.428513 0.120184 0.206608
0.426987 0.124236 0.205633
0.427649 0.126237 0.203054
0.430300 0.126737 0.201522
0.433166 0.125462 0.199261
0.437410 0.120606 0.199614
0.442839 0.114575 0.198052
0.446506 0.105352 0.198592
0.448226 0.097542 0.199070
0.446813 0.087014 0.199983
0.444196 0.075152 0.199768
0.438620 0.064026 0.202060
0.431867 0.051251 0.203828
0.425665 0.039385 0.206193
0.419494 0.022287 0.206769
0.414936 0.003941 0.206280
0.409809 -0.021512 0.203433
0.404528 -0.049594 0.201818
0.394398 -0.084274 0.196772
0.380547 -0.120556 0.193516
0.360516 -0.157460 0.185394
0.338135 -0.186624 0.180103
0.315739 -0.209168 0.174366
0.296034 -0.224876 0.170046
0.276723 -0.238441 0.164447
0.263026 -0.246089 0.161748
0.254096 -0.252235 0.158712
0.249883 -0.256095 0.155630
0.249153 -0.259250 0.151577
0.250266 -0.260757 0.149916
0.254043 -0.262685 0.145275
0.257968 -0.263759 0.142076
0.260266 -0.264860 0.138563
0.261676 -0.266193 0.133948
0.261796 -0.267337 0.129772
0.262050 -0.268306 0.126235
0.262336 -0.269385 0.124045
0.264165 -0.269574 0.121556
0.269464 -0.269324 0.118451
0.279544 -0.265927 0.117024
0.296539 -0.261832 0.113986
0.326378 -0.248104 0.110655
0.367823 -0.215962 0.118798
0.411620 -0.160916 0.135266
0.441795 -0.079344 0.164274
0.453952 0.015378 0.194483
0.445351 0.112573 0.213538
0.410283 0.205107 0.232542
0.362164 0.276206 0.234174
0.311719 0.329435 0.237389
0.286384 0.365717 0.234357
0.275596 0.388135 0.231936
0.285906 0.397194 0.229535
0.309413 0.393176 0.231770
0.340793 0.383232 0.232719
0.381179 0.366339 0.227877
0.416090 0.352039 0.222743
0.454139 0.335056 0.217239
0.479797 0.320287 0.216320
0.497461 0.312379 0.213553
0.505197 0.308362 0.208284
0.510276 0.308123 0.201848
0.513016 0.308970 0.189212
0.512220 0.310707 0.177088
0.513424 0.308421 0.163252
0.511935 0.308651 0.152651
0.510408 0.307127 0.149474
0.508072 0.306684 0.148298
0.506036 0.305558 0.151032
0.504735 0.305761 0.156037
0.501988 0.303443 0.162001
0.500203 0.299917 0.166399
0.496576 0.295869 0.170764
0.493241 0.287779 0.171650
0.489420 0.278459 0.171647
0.485900 0.267453 0.170224
0.484205 0.254537 0.174005
0.483124 0.242688 0.176675
0.481285 0.230521 0.182501
0.481726 0.221465 0.186693
0.480673 0.215276 0.190819
0.482122 0.208375 0.193204
0.482853 0.201320 0.195227
0.484119 0.193383 0.197583
0.485192 0.187079 0.199263
0.487611 0.183425 0.199597
0.490984 0.184377 0.197339
0.494652 0.188179 0.193238
0.496000 0.191349 0.187974
0.494713 0.197145 0.181034
0.493272 0.200488 0.175080
0.489967 0.202160 0.172758
0.487457 0.202425 0.173281
0.484531 0.205130 0.176387
0.483150 0.207379 0.182769
0.481508 0.207566 0.191629
0.479916 0.208250 0.198407
0.476978 0.204516 0.206830
0.469543 0.196211 0.211903
0.461829 0.179549 0.221908
0.451654 0.150104 0.228819
0.442098 0.100292 0.238759
0.429005 0.031364 0.242277
0.407915 -0.057953 0.239698
0.373313 -0.151147 0.214606
0.323534 -0.218091 0.184359
0.282625 -0.255550 0.152666
0.253061 -0.276131 0.127546
0.247300 -0.283612 0.113231
0.250354 -0.281937 0.105051
0.258757 -0.279813 0.099318
