0.568165 -0.088366 -0.020468
0.559246 -0.120056 -0.020414
0.546929 -0.151130 -0.010736
0.522042 -0.200794 -0.013682
0.497151 -0.241701 -0.012543
0.461779 -0.284619 -0.010966
0.421477 -0.328386 -0.013290
0.377971 -0.363232 -0.015048
0.333601 -0.391307 -0.013557
0.295800 -0.408531 -0.011812
0.266649 -0.419148 -0.011665
0.242119 -0.425578 -0.013608
0.230597 -0.428490 -0.016721
0.222572 -0.430063 -0.017364
0.219580 -0.430768 -0.017111
0.216685 -0.431102 -0.014125
0.215306 -0.431268 -0.010932
0.217019 -0.430753 -0.007673
0.220929 -0.430140 -0.004455
0.225969 -0.429254 -0.001406
0.230058 -0.428664 0.000538
0.235790 -0.427955 0.002705
0.239822 -0.427795 0.001883
0.243703 -0.427752 0.001436
0.245285 -0.428339 0.000586
0.245541 -0.428731 -0.001535
0.243792 -0.429681 -0.002859
0.241527 -0.430953 -0.007011
0.240090 -0.431591 -0.009767
0.238873 -0.432369 -0.012053
0.238450 -0.432285 -0.014558
0.237757 -0.432371 -0.015175
0.236835 -0.432097 -0.015987
0.236360 -0.432683 -0.016128
0.235656 -0.432338 -0.017136
0.235005 -0.432234 -0.014669
0.236739 -0.431705 -0.014454
0.237244 -0.430982 -0.013117
0.238023 -0.429771 -0.010961
0.238564 -0.428758 -0.010005
0.239813 -0.427750 -0.008256
0.239285 -0.426675 -0.006390
0.238455 -0.426570 -0.005869
0.238307 -0.426059 -0.006837
0.238143 -0.425873 -0.008396
0.238320 -0.425187 -0.011721
0.237507 -0.425323 -0.014582
0.236672 -0.424612 -0.018210
0.235604 -0.424828 -0.022123
0.235948 -0.424495 -0.025134
0.236976 -0.424237 -0.028907
0.238784 -0.424043 -0.030043
0.240742 -0.424763 -0.035030
0.242959 -0.423973 -0.034627
0.243737 -0.424331 -0.034636
0.244848 -0.423245 -0.030063
0.246408 -0.422110 -0.020070
0.249798 -0.419170 -0.010554
0.250862 -0.416883 -0.001398
0.251835 -0.414685 0.004960
0.252552 -0.413280 0.006623
0.253221 -0.412598 0.008435
0.254514 -0.412473 0.003955
0.255375 -0.413405 -0.000674
0.255287 -0.414557 -0.007567
0.256100 -0.415143 -0.013633
0.258124 -0.415124 -0.019259
0.259870 -0.415685 -0.022111
0.261542 -0.415285 -0.023161
0.263779 -0.415267 -0.024332
0.266057 -0.414083 -0.022288
0.273907 -0.410159 -0.016297
0.280684 -0.406447 -0.010673
0.289293 -0.402018 -0.001366
0.299079 -0.396165 0.009066
0.309634 -0.388655 0.021951
0.319797 -0.381294 0.031735
0.329296 -0.374187 0.042094
0.340188 -0.366079 0.046996
0.350395 -0.358729 0.051999
0.361702 -0.350613 0.052468
0.370009 -0.343514 0.055956
0.376245 -0.338416 0.057126
0.379339 -0.335805 0.059052
0.383202 -0.332383 0.060577
0.384971 -0.330357 0.061017
0.384024 -0.329534 0.062993
0.383732 -0.329308 0.062647
0.385076 -0.327921 0.062308
0.387032 -0.327478 0.058725
0.389828 -0.326716 0.055344
0.392866 -0.325895 0.049361
0.393518 -0.326723 0.044267
0.392921 -0.327504 0.040240
0.388723 -0.332404 0.035769
0.381672 -0.339983 0.031093
0.372062 -0.347592 0.029792
0.361176 -0.356622 0.027310
0.350659 -0.364731 0.026916
0.338836 -0.374157 0.022650
0.327985 -0.382512 0.018513
0.315325 -0.391768 0.010800
0.305767 -0.398515 0.005751
0.293366 -0.407111 -0.002971
0.280498 -0.412377 -0.003905
0.262983 -0.420028 -0.007818
0.249371 -0.423702 -0.007599
0.236801 -0.427099 -0.008684
0.227878 -0.428781 -0.009223
0.219552 -0.430223 -0.011030
0.215078 -0.431064 -0.011699
0.211986 -0.431209 -0.010772
0.212402 -0.431294 -0.011553
0.215073 -0.431124 -0.013345
0.216628 -0.431678 -0.013610
0.219333 -0.431286 -0.015803
0.221236 -0.431604 -0.017354
0.222095 -0.431101 -0.019229
0.224095 -0.430867 -0.023682
0.224807 -0.430528 -0.028052
0.225238 -0.430592 -0.032144
0.225789 -0.430637 -0.033531
0.226516 -0.430234 -0.036038
0.228752 -0.429231 -0.037571
0.232183 -0.427168 -0.038732
0.242520 -0.424624 -0.039503
0.261264 -0.416788 -0.045724
0.287068 -0.404302 -0.047277
0.320098 -0.389071 -0.051187
0.351854 -0.370315 -0.037963
0.391523 -0.339872 -0.006501
0.422397 -0.303414 0.039239
0.432765 -0.257807 0.120075
0.423227 -0.209192 0.191469
0.397655 -0.154043 0.263133
0.374434 -0.106358 0.306975
0.362769 -0.072887 0.327641
0.371760 -0.059251 0.329477
0.388522 -0.063789 0.315102
0.416990 -0.075227 0.293106
0.449181 -0.091592 0.255721
0.474323 -0.100247 0.223308
0.498017 -0.104821 0.187325
0.512762 -0.104640 0.161869
0.522550 -0.099107 0.143547
0.530206 -0.096388 0.125363
0.533612 -0.094360 0.115512
0.536514 -0.097536 0.102396
0.536691 -0.103367 0.094263
0.535361 -0.113255 0.085419
0.532555 -0.121133 0.084452
0.528128 -0.127593 0.090659
0.523339 -0.132332 0.099900
0.519090 -0.134898 0.108271
0.516318 -0.133381 0.115152
0.512921 -0.135251 0.119670
0.510018 -0.138328 0.120904
0.505695 -0.143636 0.123810
0.498525 -0.155898 0.125743
0.490193 -0.170072 0.126969
0.479180 -0.186785 0.129281
0.470253 -0.201471 0.130867
0.463166 -0.214539 0.129367
0.456616 -0.225782 0.127676
0.454269 -0.231314 0.122672
0.453564 -0.234750 0.117620
0.454544 -0.237418 0.110599
0.455318 -0.240891 0.103474
0.454267 -0.244619 0.099059
0.453358 -0.247548 0.095846
0.452277 -0.248830 0.096526
0.453213 -0.247084 0.097333
0.453836 -0.243962 0.100666
0.453321 -0.244447 0.102393
0.453297 -0.244626 0.101684
0.453228 -0.245816 0.098795
0.452511 -0.247576 0.095877
0.451912 -0.248938 0.095248
0.452010 -0.247204 0.098675
0.452802 -0.243271 0.105532
0.453343 -0.239744 0.112282
0.455579 -0.236233 0.115118
0.456560 -0.235828 0.114843
0.454085 -0.244257 0.108256
0.449250 -0.254375 0.100877
0.436548 -0.273820 0.085534
0.419656 -0.301033 0.068959
0.393251 -0.331334 0.049058
0.357540 -0.361371 0.040376
0.312859 -0.387074 0.032283
0.268852 -0.405054 0.027532
0.237638 -0.415866 0.012795
0.217658 -0.424592 -0.005305
0.214852 -0.426458 -0.013683
0.226322 -0.423568 -0.030609
0.229332 -0.417959 -0.032852
