1.075812 -0.060420 0.102895
1.067300 -0.141926 0.102501
1.051036 -0.200189 0.120313
1.020078 -0.297157 0.114301
0.980579 -0.392106 0.119293
0.920434 -0.492518 0.130875
0.847993 -0.592673 0.134835
0.760461 -0.682517 0.144524
0.669025 -0.754638 0.157282
0.583110 -0.806239 0.169808
0.511146 -0.841556 0.176744
0.449701 -0.866208 0.177335
0.410915 -0.879899 0.176721
0.381837 -0.888375 0.178314
0.364431 -0.889703 0.188077
0.344166 -0.889868 0.202642
0.327929 -0.887520 0.218971
0.315848 -0.883231 0.235641
0.315235 -0.876280 0.252004
0.313954 -0.870130 0.266161
0.316070 -0.864383 0.277043
0.320890 -0.858379 0.287658
0.329074 -0.854990 0.290402
0.338013 -0.853191 0.290940
0.341501 -0.855413 0.287038
0.346887 -0.858833 0.278548
0.348369 -0.864032 0.269368
0.348060 -0.870859 0.255360
0.348227 -0.875645 0.244846
0.347325 -0.879350 0.237248
0.345316 -0.881615 0.231182
0.341624 -0.881914 0.231459
0.335407 -0.880368 0.235093
0.326767 -0.879985 0.239710
0.322912 -0.875552 0.246782
0.318140 -0.871145 0.257637
0.320148 -0.865306 0.266150
0.321142 -0.859634 0.274848
0.322994 -0.854527 0.282412
0.328173 -0.850051 0.286958
0.335268 -0.847089 0.289650
0.338303 -0.844861 0.291974
0.340888 -0.846779 0.288472
0.342499 -0.847197 0.285553
0.342317 -0.848663 0.281607
0.342406 -0.849583 0.275958
0.338741 -0.849313 0.274708
0.331911 -0.846521 0.276115
0.326475 -0.840811 0.281859
0.319548 -0.833327 0.290418
0.316417 -0.818730 0.305413
0.312585 -0.793504 0.332940
0.314618 -0.753701 0.365030
0.311288 -0.704632 0.401569
0.309549 -0.646280 0.434526
0.303084 -0.582404 0.464894
0.292069 -0.521342 0.491568
0.277350 -0.458524 0.510404
0.267542 -0.407202 0.521415
0.262861 -0.365003 0.525647
0.261014 -0.334948 0.523824
0.260429 -0.311862 0.521762
0.263013 -0.302000 0.515256
0.269127 -0.294101 0.508524
0.274810 -0.292088 0.500690
0.282339 -0.291600 0.494061
0.287954 -0.290582 0.487993
0.296607 -0.291453 0.484763
0.302371 -0.289390 0.482990
0.314795 -0.284218 0.479581
0.330683 -0.274141 0.477656
0.355305 -0.255611 0.476850
0.385003 -0.234545 0.472309
0.414925 -0.211074 0.469232
0.447908 -0.186887 0.464871
0.478727 -0.164442 0.463359
0.508235 -0.143572 0.457980
0.534296 -0.128463 0.455978
0.562628 -0.115240 0.448624
0.585121 -0.105802 0.445238
0.611037 -0.094524 0.434508
0.629248 -0.085405 0.429962
0.642852 -0.074581 0.421841
0.648675 -0.064683 0.416341
0.653510 -0.054407 0.411815
0.656515 -0.044952 0.405274
0.653590 -0.036601 0.402448
0.655066 -0.032325 0.397138
0.660202 -0.031459 0.394153
0.665522 -0.034138 0.390537
0.673473 -0.044499 0.392397
0.683821 -0.057109 0.391128
0.691259 -0.076082 0.393887
0.695105 -0.091853 0.396412
0.693549 -0.112632 0.399756
0.690418 -0.135684 0.400745
0.681929 -0.157142 0.405846
0.671481 -0.181731 0.410493
0.662058 -0.204797 0.415705
0.653076 -0.238524 0.418329
0.647198 -0.275120 0.418857
0.640600 -0.326434 0.415315
0.632776 -0.383847 0.413863
0.615671 -0.454774 0.406361
0.591112 -0.529544 0.400441
0.554895 -0.605433 0.384759
0.512715 -0.665668 0.374248
0.469992 -0.712249 0.362821
0.431818 -0.744739 0.354486
0.394209 -0.772813 0.343699
0.367077 -0.788665 0.338619
0.349494 -0.801478 0.332299
0.340608 -0.809519 0.326402
0.338272 -0.816101 0.318799
0.340053 -0.819277 0.315386
0.347025 -0.823349 0.306200
0.354588 -0.825604 0.299958
0.359072 -0.827921 0.292984
0.361305 -0.830687 0.284575
0.361258 -0.833042 0.277019
0.361482 -0.835054 0.270434
0.361843 -0.837322 0.266139
0.365288 -0.837746 0.261251
0.375606 -0.837308 0.255023
0.395482 -0.830370 0.251899
0.427660 -0.822238 0.245684
0.483717 -0.794578 0.239747
0.561947 -0.729247 0.256956
0.642405 -0.617345 0.291909
0.695101 -0.450853 0.348561
0.707639 -0.260118 0.402663
0.679441 -0.066394 0.428411
0.603191 0.115184 0.444941
0.505559 0.250803 0.426694
0.408366 0.347069 0.413057
0.362721 0.409397 0.393951
0.343587 0.446996 0.382949
0.362185 0.461587 0.377856
0.405868 0.454238 0.386181
0.462465 0.435867 0.395182
0.536414 0.404842 0.395894
0.601151 0.377340 0.395154
0.672900 0.342673 0.394376
0.721597 0.311640 0.400205
0.755057 0.293487 0.399507
0.768409 0.284425 0.393591
0.777681 0.283466 0.382689
0.782266 0.286060 0.359623
0.780433 0.291297 0.336205
0.783312 0.289315 0.309390
0.781175 0.292079 0.287306
0.779612 0.290795 0.278841
0.776514 0.291216 0.273720
0.773793 0.289757 0.277090
0.771986 0.290054 0.285568
0.767368 0.286140 0.296845
0.764545 0.279823 0.305486
0.758425 0.273168 0.313830
0.753964 0.259654 0.314878
0.748895 0.244218 0.314431
0.745377 0.225600 0.310341
0.745083 0.202465 0.317976
0.745335 0.180787 0.323797
0.743814 0.158338 0.336659
0.745471 0.141051 0.346840
0.743429 0.129155 0.356904
0.746047 0.115512 0.363920
0.747257 0.101634 0.370220
0.750202 0.085937 0.376294
0.752707 0.073408 0.380595
0.758177 0.066038 0.381111
0.764894 0.067442 0.375961
0.772407 0.074721 0.366483
0.775464 0.081341 0.354962
0.772786 0.093719 0.340754
0.769753 0.101233 0.329172
0.763037 0.105488 0.325278
0.758035 0.106550 0.326812
0.751966 0.111933 0.332667
0.748968 0.115710 0.344537
0.745522 0.115341 0.361785
0.741534 0.115953 0.375694
0.735101 0.108125 0.393799
0.720432 0.092959 0.406667
0.705938 0.060952 0.430096
0.688826 0.005103 0.449214
0.674677 -0.092526 0.475400
0.656276 -0.228879 0.489542
0.624371 -0.408651 0.487893
0.566918 -0.597549 0.438312
0.477420 -0.733651 0.377144
0.401970 -0.809848 0.315248
0.346419 -0.851687 0.268036
0.335400 -0.867000 0.241457
0.337910 -0.863562 0.229505
0.354713 -0.859278 0.218589
