0.302589 -0.012715 -0.038479
0.300397 -0.013202 -0.036679
0.300159 -0.012753 -0.036096
0.299331 -0.012740 -0.036234
0.298143 -0.013468 -0.034532
0.297662 -0.014244 -0.034183
0.295943 -0.015652 -0.034159
0.295471 -0.016486 -0.033823
0.294522 -0.017429 -0.032927
0.293528 -0.018421 -0.033068
0.292816 -0.018923 -0.033256
0.292314 -0.019118 -0.033453
0.292013 -0.019297 -0.033599
0.291473 -0.019616 -0.033806
0.291500 -0.019404 -0.034327
0.291415 -0.019267 -0.034796
0.291946 -0.018693 -0.035140
0.292533 -0.017778 -0.035309
0.292853 -0.017439 -0.034961
0.293333 -0.016764 -0.035068
0.293522 -0.016346 -0.034907
0.293877 -0.015834 -0.034742
0.294066 -0.015426 -0.034227
0.294505 -0.014839 -0.033376
0.294898 -0.014503 -0.032428
0.295331 -0.014416 -0.030286
0.295961 -0.014054 -0.028947
0.296660 -0.013701 -0.027530
0.297209 -0.013255 -0.026563
0.298018 -0.012856 -0.026374
0.298571 -0.012285 -0.026337
0.300100 -0.011102 -0.028712
0.301293 -0.009412 -0.034522
0.304364 -0.006850 -0.037201
0.309171 -0.002475 -0.038723
0.318045 0.003933 -0.034087
0.327454 0.011436 -0.028301
0.337297 0.019801 -0.017395
0.345821 0.029045 -0.002758
0.352271 0.037503 0.016542
0.358724 0.049669 0.037432
0.363194 0.062838 0.060534
0.367505 0.078707 0.079639
0.369255 0.095389 0.099772
0.369721 0.112283 0.117188
0.368317 0.128950 0.134501
0.366080 0.144897 0.148408
0.362992 0.159525 0.160940
0.359522 0.174201 0.171803
0.357036 0.187082 0.179373
0.355687 0.197559 0.183607
0.354236 0.205444 0.186878
0.352876 0.210952 0.189497
0.353884 0.216014 0.189059
0.356578 0.220604 0.186312
0.359026 0.226287 0.182669
0.365870 0.224256 0.172572
0.372726 0.213085 0.160600
0.379539 0.192344 0.145504
0.384104 0.162394 0.125910
0.381168 0.124192 0.105291
0.374628 0.093368 0.086338
0.370815 0.074660 0.068835
0.368317 0.066319 0.057527
0.369542 0.066741 0.049942
0.368072 0.064467 0.044913
0.365371 0.060323 0.042791
0.361482 0.055617 0.044258
0.356334 0.048888 0.043603
0.354126 0.046139 0.044094
0.353729 0.045587 0.043528
0.356685 0.048337 0.041122
0.359764 0.050914 0.037411
0.364456 0.056544 0.034417
0.370315 0.063183 0.029333
0.375675 0.070010 0.027432
0.381510 0.079115 0.026643
0.387568 0.089330 0.028691
0.393923 0.104304 0.037189
0.398592 0.120384 0.051480
0.399200 0.133345 0.069304
0.397081 0.144778 0.089141
0.392312 0.153433 0.107313
0.386500 0.159118 0.124311
0.381602 0.163072 0.136561
0.377524 0.163292 0.145200
0.375039 0.160649 0.148978
0.372943 0.156763 0.151438
0.371570 0.152972 0.152876
0.371386 0.150118 0.152362
0.371977 0.148685 0.150784
0.374804 0.147208 0.145159
0.378894 0.145244 0.136294
0.383161 0.140987 0.125011
0.387630 0.134540 0.110693
0.391939 0.126861 0.093603
0.393321 0.116962 0.077714
0.393617 0.107191 0.061962
0.391458 0.094167 0.046611
0.388332 0.081528 0.029218
0.383629 0.070239 0.015489
0.376951 0.057682 -0.000668
0.368969 0.045611 -0.012155
0.361224 0.036617 -0.023906
0.351706 0.026676 -0.035129
0.341920 0.018621 -0.041953
0.333894 0.012083 -0.046576
0.325932 0.006354 -0.049272
0.319949 0.001867 -0.051390
0.314833 -0.001483 -0.051411
0.311854 -0.004092 -0.050704
0.309318 -0.005772 -0.050376
0.308381 -0.006336 -0.049482
0.307201 -0.007218 -0.049897
0.306573 -0.007625 -0.050461
0.305991 -0.008235 -0.050618
0.305250 -0.008936 -0.049532
0.304743 -0.009402 -0.049071
0.304463 -0.009857 -0.048600
0.303781 -0.010917 -0.047358
0.302819 -0.011800 -0.046677
0.301615 -0.012930 -0.045651
0.301188 -0.013401 -0.045034
0.301085 -0.013755 -0.043664
0.301090 -0.013916 -0.043398
0.301646 -0.013823 -0.041523
0.302252 -0.013643 -0.039815
0.303418 -0.012821 -0.038856
0.304133 -0.012743 -0.038737
0.305131 -0.012158 -0.038598
0.306027 -0.011399 -0.037382
0.307159 -0.010219 -0.038897
0.310061 -0.008310 -0.036897
0.308834 -0.010485 -0.036748
0.310304 -0.007645 -0.037173
0.313604 -0.007849 -0.031189
