0.401788 -0.185203 0.111878
0.401239 -0.186320 0.111849
0.397663 -0.186766 0.113611
0.396553 -0.187079 0.113277
0.393282 -0.189502 0.114331
0.394318 -0.190379 0.113579
0.391783 -0.192943 0.112751
0.390729 -0.193953 0.113252
0.389194 -0.195606 0.113666
0.388090 -0.196435 0.113795
0.386850 -0.197416 0.113364
0.386065 -0.197942 0.112946
0.385730 -0.198105 0.112840
0.384792 -0.198713 0.112535
0.385303 -0.198209 0.112061
0.385710 -0.197805 0.111602
0.386634 -0.197022 0.111259
0.388350 -0.195762 0.110774
0.389336 -0.194881 0.111345
0.391528 -0.193902 0.110464
0.392791 -0.193154 0.110297
0.393549 -0.192397 0.110483
0.393607 -0.191657 0.111492
0.393104 -0.190339 0.113858
0.392405 -0.189162 0.116522
0.391200 -0.187967 0.121005
0.390678 -0.186704 0.124091
0.389483 -0.185722 0.127364
0.388833 -0.184542 0.129851
0.388113 -0.183032 0.132127
0.385910 -0.180811 0.135437
0.385418 -0.173910 0.139853
0.383037 -0.161810 0.145180
0.378844 -0.143341 0.157794
0.371985 -0.116837 0.173823
0.360687 -0.079315 0.197108
0.346389 -0.039901 0.215021
0.332465 -0.003092 0.230903
0.321017 0.031543 0.245391
0.303747 0.063295 0.259812
0.290025 0.094891 0.272878
0.273922 0.126794 0.284453
0.255632 0.155903 0.288744
0.234213 0.183175 0.290185
0.211288 0.205307 0.285845
0.190823 0.222991 0.282325
0.173356 0.237610 0.276711
0.158888 0.247777 0.273868
0.147183 0.257713 0.272487
0.140170 0.268106 0.272131
0.136536 0.277334 0.271971
0.134423 0.283694 0.274962
0.134055 0.289973 0.279345
0.136211 0.293776 0.282716
0.140691 0.296146 0.285740
0.147947 0.303545 0.290728
0.164654 0.310953 0.291716
0.189379 0.320544 0.291122
0.228787 0.328290 0.290391
0.282457 0.325728 0.284623
0.346842 0.299527 0.279301
0.400316 0.264392 0.266034
0.441123 0.230346 0.250544
0.463092 0.204435 0.242300
0.479193 0.189469 0.237331
0.484124 0.174069 0.236536
0.490196 0.156830 0.235936
0.496206 0.136930 0.237744
0.502795 0.118976 0.232908
0.514001 0.105650 0.226023
0.521781 0.103071 0.218610
0.530096 0.107662 0.210263
0.533861 0.115183 0.204022
0.532770 0.129231 0.203493
0.526555 0.140078 0.207871
0.509560 0.153622 0.220521
0.484602 0.165916 0.236494
0.452187 0.180189 0.251780
0.411941 0.196980 0.268027
0.362248 0.212919 0.280207
0.309420 0.225827 0.282813
0.262676 0.233646 0.279503
0.225276 0.241315 0.270333
0.199056 0.245675 0.264212
0.182654 0.253088 0.257045
0.174150 0.258893 0.253362
0.171830 0.263324 0.250780
0.171683 0.267789 0.248225
0.173017 0.270833 0.247138
0.174808 0.270593 0.247455
0.177614 0.268003 0.251711
0.181219 0.260683 0.254008
0.186998 0.251167 0.255273
0.195257 0.238959 0.256515
0.206165 0.223183 0.257024
0.220703 0.207526 0.255995
0.236780 0.184931 0.259578
0.253077 0.161661 0.260661
0.268731 0.135394 0.259773
0.285322 0.108415 0.254752
0.301317 0.084897 0.250456
0.318067 0.058530 0.241678
0.333602 0.030926 0.234287
0.355238 0.000316 0.222764
0.375856 -0.031231 0.206249
0.393891 -0.062162 0.188206
0.408308 -0.088610 0.169116
0.414953 -0.110778 0.152110
0.416106 -0.128223 0.138426
0.413840 -0.140440 0.130491
0.408408 -0.149193 0.127685
0.403932 -0.155050 0.125591
0.399658 -0.158784 0.125525
0.397215 -0.161767 0.123918
0.396010 -0.164482 0.121576
0.395343 -0.167400 0.119330
0.394560 -0.170723 0.117946
0.394480 -0.173673 0.115739
0.395442 -0.176969 0.112634
0.396559 -0.179654 0.111134
0.397525 -0.181759 0.109349
0.398227 -0.184198 0.107752
0.399597 -0.186174 0.105514
0.401746 -0.187621 0.104111
0.404821 -0.188872 0.100927
0.407880 -0.189876 0.099612
0.410825 -0.190036 0.099099
0.414890 -0.189708 0.097102
0.418077 -0.189032 0.095944
0.421676 -0.188030 0.094390
0.424944 -0.185537 0.095789
0.427945 -0.181762 0.095951
0.433988 -0.175707 0.100290
0.429844 -0.178726 0.102001
0.433708 -0.170731 0.105564
0.438423 -0.163143 0.118823
