0.392127 -0.317729 -0.053529
0.388603 -0.318093 -0.050728
0.388201 -0.317141 -0.049399
0.386862 -0.316932 -0.049579
0.384997 -0.318042 -0.046793
0.384273 -0.319453 -0.046447
0.381629 -0.321886 -0.046306
0.380940 -0.323436 -0.045745
0.379484 -0.325077 -0.044298
0.377963 -0.326846 -0.044607
0.376860 -0.327705 -0.044884
0.376068 -0.327994 -0.045214
0.375594 -0.328286 -0.045534
0.374748 -0.328813 -0.045933
0.374772 -0.328409 -0.046843
0.374623 -0.328135 -0.047624
0.375435 -0.327117 -0.048132
0.376304 -0.325418 -0.048397
0.376789 -0.324797 -0.047813
0.377502 -0.323551 -0.048023
0.377764 -0.322747 -0.047801
0.378292 -0.321796 -0.047504
0.378552 -0.320999 -0.046726
0.379197 -0.319887 -0.045396
0.379793 -0.319264 -0.043905
0.380474 -0.319112 -0.040451
0.381455 -0.318488 -0.038258
0.382548 -0.317898 -0.035938
0.383396 -0.317109 -0.034266
0.384664 -0.316488 -0.034015
0.385508 -0.315476 -0.033893
0.387885 -0.313541 -0.037722
0.389673 -0.310648 -0.047311
0.394429 -0.306394 -0.051609
0.401781 -0.298926 -0.054553
0.415568 -0.288349 -0.047252
0.430162 -0.275993 -0.038249
0.445480 -0.262332 -0.020710
0.458640 -0.247082 0.002511
0.468681 -0.233430 0.033673
0.478574 -0.213564 0.067572
0.485384 -0.192322 0.105077
0.491783 -0.166528 0.136156
0.494086 -0.139414 0.168983
0.494384 -0.112048 0.197165
0.491765 -0.085217 0.225411
0.487827 -0.059471 0.247926
0.482604 -0.035986 0.268395
0.476746 -0.012384 0.286174
0.472503 0.008267 0.298650
0.470036 0.025203 0.305710
0.467418 0.038031 0.311250
0.465120 0.046865 0.315612
0.466503 0.055085 0.315088
0.470603 0.062519 0.310738
0.474115 0.072093 0.304730
0.484821 0.069199 0.288189
0.495937 0.051404 0.268392
0.507401 0.017843 0.243633
0.515746 -0.030956 0.211251
0.512303 -0.093071 0.177410
0.502884 -0.143310 0.146527
0.497501 -0.174202 0.117910
0.493680 -0.187573 0.099478
0.495408 -0.186364 0.087402
0.492973 -0.189591 0.079288
0.488777 -0.196207 0.075943
0.482745 -0.203778 0.078594
0.474803 -0.214719 0.077517
0.471404 -0.219215 0.078497
0.470786 -0.220100 0.077515
0.475382 -0.215663 0.073626
0.480190 -0.211565 0.067498
0.487404 -0.202319 0.062681
0.496485 -0.191610 0.054355
0.504824 -0.180713 0.051267
0.513803 -0.165965 0.049937
0.523203 -0.149661 0.053202
0.532901 -0.125447 0.067195
0.539995 -0.099654 0.090502
0.540737 -0.078856 0.119325
0.537174 -0.060512 0.151813
0.529376 -0.046400 0.181305
0.520174 -0.037494 0.208938
0.512406 -0.031326 0.229010
0.506044 -0.031293 0.243365
0.502249 -0.035786 0.249662
0.499077 -0.042268 0.253867
0.497026 -0.048600 0.256522
0.496831 -0.053347 0.255835
0.497714 -0.055549 0.253499
0.502117 -0.057736 0.244536
0.508487 -0.060585 0.230322
0.515342 -0.067370 0.211886
0.522605 -0.077799 0.188586
0.529728 -0.090407 0.160621
0.532180 -0.106419 0.134619
0.532876 -0.122228 0.109153
0.529872 -0.143601 0.084222
0.525316 -0.164388 0.055943
0.518183 -0.182865 0.033522
0.507957 -0.203455 0.007372
0.495677 -0.223339 -0.011189
0.483637 -0.237933 -0.029899
0.468848 -0.254221 -0.047981
0.453526 -0.267016 -0.058729
0.440992 -0.277587 -0.066191
0.428530 -0.286697 -0.070340
0.419190 -0.294010 -0.073857
0.411160 -0.299261 -0.073910
0.406541 -0.303610 -0.072781
0.402570 -0.306280 -0.072234
0.401098 -0.307116 -0.070686
0.399260 -0.308596 -0.071432
0.398289 -0.309295 -0.072291
0.397397 -0.310371 -0.072596
0.396249 -0.311518 -0.070806
0.395468 -0.312298 -0.070006
0.395048 -0.313107 -0.069254
0.394016 -0.314967 -0.067335
0.392524 -0.316449 -0.066288
0.390663 -0.318357 -0.064628
0.390014 -0.319171 -0.063538
0.389868 -0.319778 -0.061294
0.389885 -0.320085 -0.060877
0.390762 -0.319930 -0.057819
0.391718 -0.319634 -0.054963
0.393534 -0.318231 -0.053300
0.394687 -0.318255 -0.053007
0.396247 -0.317317 -0.052837
0.397629 -0.315968 -0.050782
0.399369 -0.313960 -0.053328
0.403888 -0.310779 -0.050162
0.402081 -0.314804 -0.049897
0.404191 -0.309482 -0.051168
0.409526 -0.310506 -0.041392
