0.600219 -0.679560 0.261877
0.600142 -0.681245 0.260843
0.592735 -0.682172 0.264644
0.590806 -0.682646 0.264053
0.584572 -0.687313 0.265479
0.587030 -0.688936 0.263516
0.582673 -0.693792 0.261870
0.580763 -0.695713 0.262776
0.578080 -0.698844 0.263213
0.576327 -0.700269 0.263472
0.574118 -0.702133 0.262685
0.572732 -0.703115 0.261889
0.572185 -0.703376 0.261654
0.570504 -0.704508 0.261049
0.571543 -0.703492 0.260239
0.572427 -0.702658 0.259477
0.574064 -0.701200 0.258972
0.577301 -0.698779 0.258045
0.579183 -0.697018 0.259095
0.583487 -0.695137 0.257262
0.586002 -0.693642 0.256796
0.587376 -0.692177 0.257138
0.587360 -0.690683 0.258952
0.586030 -0.688036 0.263459
0.584335 -0.685651 0.268551
0.581580 -0.683173 0.276915
0.580143 -0.680659 0.282772
0.577265 -0.678749 0.288987
0.575598 -0.676420 0.293848
0.573660 -0.673469 0.298476
0.568721 -0.668996 0.305461
0.566858 -0.655066 0.315879
0.561149 -0.630336 0.329651
0.550667 -0.592713 0.357434
0.533548 -0.538824 0.391307
0.505018 -0.462981 0.437729
0.469882 -0.383683 0.472173
0.435343 -0.310356 0.500151
0.406609 -0.241844 0.523059
0.366893 -0.179326 0.543983
0.334463 -0.118701 0.561473
0.298115 -0.058160 0.574796
0.257105 -0.004593 0.574801
0.210806 0.044736 0.568416
0.162035 0.083092 0.550959
0.119432 0.112055 0.535503
0.083547 0.135016 0.517069
0.054451 0.149143 0.505287
0.031317 0.162801 0.497381
0.017580 0.178233 0.493231
0.010318 0.192549 0.491074
0.006312 0.202178 0.496026
0.006095 0.212629 0.504089
0.009888 0.218207 0.511555
0.017733 0.220987 0.519310
0.031330 0.234159 0.531407
0.062726 0.251064 0.538121
0.111326 0.276824 0.542190
0.191166 0.303020 0.547565
0.302520 0.311671 0.544187
0.440297 0.274731 0.542433
0.556770 0.215451 0.523478
0.644987 0.152384 0.499084
0.692493 0.102156 0.487080
0.725424 0.071085 0.480490
0.736418 0.040322 0.481258
0.750624 0.006238 0.481106
0.765359 -0.033205 0.484475
0.782036 -0.067692 0.474626
0.806775 -0.094376 0.460133
0.823312 -0.099515 0.444789
0.839150 -0.091215 0.428437
0.845397 -0.076746 0.417001
0.840480 -0.049843 0.417355
0.824232 -0.030305 0.428878
0.785677 -0.005318 0.456314
0.730060 0.016119 0.490145
0.658755 0.040936 0.521180
0.570698 0.068961 0.551429
0.463757 0.094459 0.570307
0.352402 0.115146 0.567208
0.255231 0.125907 0.551139
0.178982 0.137952 0.523276
0.126968 0.144078 0.502411
0.095069 0.157502 0.481753
0.079423 0.169253 0.470258
0.075974 0.179597 0.463214
0.076892 0.190632 0.456900
0.080518 0.198638 0.454258
0.084466 0.199376 0.455314
0.089996 0.194746 0.465216
0.096031 0.180303 0.472871
0.105943 0.161612 0.479907
0.121173 0.138148 0.487746
0.141942 0.108149 0.495546
0.170524 0.078804 0.501273
0.203800 0.036160 0.516120
0.238063 -0.007966 0.525968
0.272424 -0.057119 0.531376
0.309230 -0.107987 0.529051
0.345516 -0.152117 0.526417
0.384434 -0.201677 0.515746
0.421486 -0.254144 0.505775
0.471081 -0.314082 0.487545
0.519508 -0.375694 0.458362
0.562548 -0.436476 0.424078
0.597092 -0.488813 0.386270
0.615271 -0.532409 0.352104
0.620901 -0.566902 0.324323
0.618848 -0.590754 0.307669
0.609083 -0.607992 0.301429
0.601043 -0.619422 0.296894
0.592571 -0.626911 0.296431
0.588084 -0.632797 0.293183
0.585903 -0.638336 0.288594
0.584834 -0.644255 0.283907
0.583596 -0.650901 0.280513
0.583710 -0.656892 0.275718
0.585897 -0.663659 0.268969
0.588639 -0.668929 0.265137
0.591190 -0.672977 0.261012
0.593329 -0.677631 0.257169
0.596449 -0.681601 0.252269
0.601025 -0.684501 0.248697
0.607485 -0.687093 0.241878
0.613610 -0.689241 0.238243
0.619475 -0.689656 0.236440
0.627370 -0.689292 0.231902
0.633709 -0.688059 0.229516
0.640726 -0.686248 0.226134
0.647083 -0.681261 0.228573
0.652743 -0.673807 0.229544
0.663850 -0.661930 0.237619
0.655925 -0.667727 0.241159
0.663059 -0.651590 0.248254
0.671362 -0.636268 0.273291
