-0.007602 -0.129591 -0.000882
-0.008665 -0.130459 0.001158
-0.007053 -0.130238 -0.000271
-0.005020 -0.132298 0.001829
-0.003170 -0.133484 0.001947
0.000388 -0.135234 0.002787
0.002620 -0.137752 0.003921
0.008452 -0.140788 0.005480
0.017044 -0.144699 0.008550
0.030454 -0.147803 0.012627
0.047164 -0.150435 0.021396
0.066364 -0.151473 0.035297
0.082490 -0.152173 0.051339
0.092671 -0.153575 0.066457
0.095772 -0.155748 0.076900
0.094368 -0.160267 0.082479
0.088554 -0.165194 0.083130
0.083125 -0.169562 0.082119
0.077181 -0.172632 0.079224
0.073128 -0.174311 0.077622
0.070388 -0.175204 0.077623
0.070322 -0.175033 0.079223
0.071715 -0.174168 0.081449
0.073437 -0.172391 0.083540
0.075347 -0.171391 0.084327
0.076219 -0.170006 0.083935
0.077225 -0.168560 0.082500
0.077762 -0.166830 0.080125
0.078895 -0.164722 0.078180
0.079346 -0.163030 0.075894
0.080428 -0.159560 0.071441
0.080871 -0.156059 0.067790
0.080500 -0.154208 0.064472
0.083524 -0.152473 0.065923
0.085652 -0.151608 0.068614
0.089038 -0.150076 0.070716
0.090193 -0.149460 0.071370
0.089107 -0.150432 0.069010
0.088078 -0.152189 0.068192
0.085544 -0.155719 0.067248
0.084988 -0.156614 0.066450
0.084078 -0.156455 0.066926
0.085856 -0.154740 0.067132
0.089253 -0.151671 0.066815
0.091719 -0.151848 0.069082
0.097142 -0.149577 0.074266
0.102999 -0.144632 0.078243
0.106146 -0.139913 0.081537
0.108654 -0.137795 0.084986
0.108596 -0.138203 0.082971
0.105402 -0.140889 0.080125
0.101780 -0.144136 0.076014
0.096406 -0.146242 0.072187
0.093568 -0.148052 0.070067
0.090806 -0.148616 0.069507
0.090892 -0.148999 0.070894
0.089973 -0.148592 0.072009
0.089361 -0.149274 0.072759
0.087505 -0.150273 0.072543
0.084582 -0.152728 0.071291
0.080726 -0.154723 0.068482
0.074468 -0.157905 0.063600
0.068823 -0.160397 0.059193
0.060257 -0.163172 0.051437
0.050913 -0.164355 0.043610
0.040530 -0.164263 0.034935
0.030869 -0.162724 0.026871
0.021239 -0.159221 0.018762
0.013781 -0.154883 0.013273
0.007289 -0.149589 0.009541
0.003423 -0.143878 0.005888
0.000482 -0.138652 0.003938
-0.001980 -0.135831 0.003082
-0.002282 -0.134485 0.003025
-0.001110 -0.134047 0.002534
-0.001002 -0.133279 0.002179
0.000418 -0.132943 0.003224
0.001490 -0.132915 0.001638
0.002916 -0.133358 0.006233
0.004804 -0.132062 0.003454
