0.037580 -0.134133 -0.105292
0.037031 -0.133780 -0.103074
0.038477 -0.135240 -0.104509
0.041597 -0.137226 -0.101930
0.046506 -0.138217 -0.100392
0.056279 -0.140089 -0.096289
0.067458 -0.141829 -0.089582
0.086274 -0.143504 -0.077585
0.112384 -0.146037 -0.053676
0.140188 -0.145678 -0.017660
0.160605 -0.141753 0.025768
0.174122 -0.137781 0.069415
0.180897 -0.136355 0.106379
0.181795 -0.140423 0.136080
0.178904 -0.150866 0.154544
0.172718 -0.165720 0.164910
0.163379 -0.183147 0.167049
0.153665 -0.195005 0.167794
0.143908 -0.199126 0.167593
0.136016 -0.198215 0.169476
0.130319 -0.191397 0.173067
0.127541 -0.183223 0.177316
0.126483 -0.177094 0.181225
0.126529 -0.172107 0.184261
0.127721 -0.170651 0.185421
0.128263 -0.171387 0.185192
0.128819 -0.173874 0.183857
0.127500 -0.178278 0.181901
0.125756 -0.182397 0.180430
0.124055 -0.183631 0.178559
0.125961 -0.178676 0.174032
0.129150 -0.168502 0.170151
0.131239 -0.155356 0.166392
0.137377 -0.144983 0.165959
0.144099 -0.140445 0.165685
0.150532 -0.141455 0.166150
0.155322 -0.150190 0.164757
0.156543 -0.165069 0.159573
0.154535 -0.181921 0.155729
0.147594 -0.198781 0.152446
0.142599 -0.207804 0.150259
0.136424 -0.209147 0.153221
0.135518 -0.199257 0.159410
0.138078 -0.178219 0.166186
0.137739 -0.147692 0.173141
0.136543 -0.116485 0.175833
0.131283 -0.090572 0.174373
0.125748 -0.077211 0.174530
0.126713 -0.074122 0.177631
0.130852 -0.080244 0.178411
0.135394 -0.096479 0.180582
0.140093 -0.117814 0.179950
0.141728 -0.140055 0.176451
0.144021 -0.158455 0.171604
0.145465 -0.171321 0.166771
0.149124 -0.177458 0.164503
0.151530 -0.178949 0.162853
0.154445 -0.181581 0.160416
0.155150 -0.185767 0.156968
0.154928 -0.193756 0.150862
0.153289 -0.203107 0.141674
0.149676 -0.213265 0.128734
0.147449 -0.220216 0.115788
0.142932 -0.226420 0.097565
0.139442 -0.227070 0.078150
0.133868 -0.227080 0.052417
0.126630 -0.224183 0.022862
0.113826 -0.218238 -0.011376
0.097454 -0.209055 -0.041750
0.078982 -0.195357 -0.066149
0.061280 -0.183412 -0.083851
0.048589 -0.172025 -0.093711
0.039816 -0.165280 -0.098649
0.037375 -0.161557 -0.100212
0.038539 -0.159478 -0.101122
0.039328 -0.157304 -0.101550
0.042281 -0.156395 -0.100027
0.045295 -0.156038 -0.100880
0.048520 -0.156739 -0.095438
0.051524 -0.155228 -0.097759
