-0.077803 0.232100 -0.290745
-0.076668 0.231568 -0.288209
-0.077571 0.234662 -0.289584
-0.082075 0.239563 -0.286048
-0.093050 0.242002 -0.282497
-0.113070 0.246580 -0.273906
-0.139469 0.250977 -0.259473
-0.181864 0.255351 -0.233093
-0.240846 0.261873 -0.180459
-0.301951 0.261837 -0.099966
-0.347250 0.254033 -0.004739
-0.375769 0.246481 0.089347
-0.389109 0.244931 0.168852
-0.389713 0.255952 0.232109
-0.384813 0.280506 0.271578
-0.372397 0.314847 0.294133
-0.355772 0.353997 0.300007
-0.336046 0.380960 0.302222
-0.316669 0.390231 0.302487
-0.300549 0.388369 0.306445
-0.289098 0.373435 0.313312
-0.283664 0.355366 0.321759
-0.281399 0.341896 0.329183
-0.282125 0.330855 0.334507
-0.284306 0.327437 0.337229
-0.285769 0.328837 0.336618
-0.286813 0.333948 0.334187
-0.284308 0.343084 0.330993
-0.280207 0.351708 0.328322
-0.276055 0.353975 0.324552
-0.279535 0.341785 0.315621
-0.286039 0.318185 0.306969
-0.289959 0.288151 0.298986
-0.302052 0.264876 0.297412
-0.316103 0.255134 0.295092
-0.328682 0.257532 0.295636
-0.339149 0.277026 0.292783
-0.342226 0.309944 0.283312
-0.338182 0.347669 0.276172
-0.323150 0.385776 0.270029
-0.312108 0.405903 0.266285
-0.298542 0.409240 0.271104
-0.295745 0.386843 0.284897
-0.299334 0.339252 0.300386
-0.295280 0.271732 0.313892
-0.289422 0.202656 0.317436
-0.274344 0.145139 0.311620
-0.261919 0.115032 0.310266
-0.263243 0.108589 0.315654
-0.272343 0.121704 0.319556
-0.284608 0.157519 0.326209
-0.296904 0.204723 0.327471
-0.304846 0.253726 0.321313
-0.311609 0.294786 0.311452
-0.317790 0.323407 0.300570
-0.325988 0.337541 0.294412
-0.333314 0.340879 0.289865
-0.340169 0.347111 0.283537
-0.342726 0.356776 0.275016
-0.343161 0.374987 0.261405
-0.340650 0.396021 0.241195
-0.334453 0.418704 0.213861
-0.329643 0.434459 0.185268
-0.319860 0.448092 0.146867
-0.311485 0.449254 0.104750
-0.298600 0.448608 0.049652
-0.281190 0.441278 -0.013860
-0.251433 0.426810 -0.087354
-0.212842 0.405189 -0.153868
-0.171285 0.373414 -0.208094
-0.130423 0.345433 -0.246440
-0.101291 0.318893 -0.268394
-0.080662 0.303221 -0.279406
-0.074450 0.294630 -0.283274
-0.075388 0.289848 -0.284806
-0.077573 0.284814 -0.285538
-0.082747 0.282807 -0.283610
-0.090498 0.281878 -0.283424
-0.097621 0.283949 -0.277131
-0.104878 0.280048 -0.278960
