0.258165 -0.044601 -0.058726
0.256330 -0.043603 -0.060845
0.257461 -0.042577 -0.059724
0.255516 -0.042869 -0.063723
0.255247 -0.041918 -0.063490
0.254627 -0.042125 -0.063563
0.254223 -0.041924 -0.064648
0.254925 -0.041583 -0.064673
0.255053 -0.041317 -0.064737
0.255642 -0.040941 -0.064912
0.255853 -0.041017 -0.064514
0.255664 -0.041163 -0.064591
0.255338 -0.041499 -0.064690
0.255216 -0.041761 -0.064979
0.255387 -0.041789 -0.065557
0.256537 -0.041273 -0.066379
0.257734 -0.040759 -0.067040
0.258909 -0.039997 -0.068063
0.260373 -0.039369 -0.067984
0.261337 -0.038890 -0.067977
0.262364 -0.038377 -0.067707
0.263028 -0.037833 -0.068732
0.263316 -0.037432 -0.069174
0.263241 -0.037387 -0.070180
0.263398 -0.037410 -0.070860
0.263838 -0.037596 -0.070391
0.264443 -0.037651 -0.070144
0.265141 -0.037563 -0.069604
0.265617 -0.037692 -0.069254
0.265891 -0.037922 -0.068976
0.266014 -0.038096 -0.068656
0.265896 -0.038055 -0.068782
0.265381 -0.038254 -0.069035
0.264660 -0.038196 -0.069191
0.263115 -0.038357 -0.070276
0.261500 -0.038418 -0.071510
0.259770 -0.038564 -0.072543
0.257792 -0.038734 -0.073496
0.255984 -0.038946 -0.074071
0.253722 -0.039574 -0.074593
0.252957 -0.039514 -0.074047
0.252702 -0.039279 -0.073366
0.253077 -0.039106 -0.072318
0.254176 -0.038591 -0.071348
0.255234 -0.038054 -0.070959
0.256499 -0.037444 -0.070377
0.257883 -0.037012 -0.069747
0.258565 -0.036809 -0.069600
0.258194 -0.037192 -0.070013
0.258918 -0.037198 -0.069712
0.259412 -0.037092 -0.070358
0.261458 -0.036288 -0.071104
0.263194 -0.035229 -0.074098
0.268732 -0.032863 -0.072637
0.277331 -0.028655 -0.070886
0.287157 -0.024431 -0.063670
0.296450 -0.020436 -0.055697
0.307099 -0.016013 -0.039696
0.315822 -0.011006 -0.019480
0.322365 -0.004515 0.007265
0.327232 0.004942 0.035238
0.329649 0.016120 0.062848
0.332637 0.030654 0.086440
0.337669 0.047473 0.103990
0.344644 0.065318 0.116057
0.350939 0.082066 0.123650
0.357140 0.095862 0.126823
0.361280 0.105616 0.127818
0.363614 0.111432 0.127728
0.365430 0.113129 0.125886
0.367203 0.111026 0.120439
0.368453 0.109455 0.116416
0.366804 0.105959 0.115195
0.364965 0.102384 0.114469
0.362058 0.099108 0.115677
0.357471 0.096060 0.119079
0.353300 0.091203 0.120609
0.349261 0.085503 0.120296
0.346698 0.076312 0.114466
0.345875 0.066301 0.105919
0.341959 0.051971 0.094004
0.339252 0.041666 0.083780
0.337630 0.035490 0.076547
0.337330 0.032283 0.071783
0.340400 0.034665 0.068610
0.342318 0.035804 0.066959
0.347115 0.040743 0.065311
0.352226 0.047022 0.064900
0.358011 0.054960 0.066515
0.363529 0.064118 0.068573
0.365804 0.071291 0.074353
0.365878 0.074553 0.078727
0.364677 0.074287 0.080646
0.363154 0.070886 0.080233
0.360583 0.064921 0.076127
0.356839 0.059764 0.075222
0.348110 0.049224 0.074986
0.344060 0.044896 0.076250
0.344003 0.043820 0.074594
0.345153 0.044012 0.072426
0.350826 0.049373 0.068883
0.352866 0.051448 0.066334
0.355409 0.052966 0.062274
0.358105 0.054264 0.057460
0.358556 0.053604 0.054223
0.359952 0.053733 0.050959
0.359574 0.050919 0.047275
0.360232 0.048589 0.042027
0.359852 0.047381 0.039653
0.361614 0.046495 0.033231
0.364245 0.048742 0.027631
0.369754 0.054568 0.021251
0.375897 0.062014 0.017315
0.380627 0.069006 0.014034
0.383386 0.072729 0.012636
0.384109 0.072527 0.007001
0.382416 0.067931 -0.000245
0.379631 0.061879 -0.013942
0.376016 0.055770 -0.027098
0.371436 0.050139 -0.043520
0.365461 0.044026 -0.053572
0.357644 0.036912 -0.064465
0.349060 0.029332 -0.073614
0.338125 0.020789 -0.082441
0.327860 0.013678 -0.089751
0.318542 0.007585 -0.094909
0.309958 0.001416 -0.097174
0.301825 -0.004798 -0.096787
0.293733 -0.010455 -0.097228
0.286319 -0.015904 -0.094735
0.280979 -0.019934 -0.092642
0.278000 -0.022828 -0.088588
0.275329 -0.025811 -0.083899
0.273932 -0.027634 -0.079564
0.273592 -0.028443 -0.077406
0.273690 -0.028872 -0.075356
0.273778 -0.028857 -0.074646
0.273044 -0.029714 -0.073321
0.272961 -0.029814 -0.072781
0.271962 -0.030644 -0.072336
0.270968 -0.031125 -0.072493
0.270196 -0.031385 -0.072441
0.268900 -0.032163 -0.071928
0.267634 -0.033279 -0.071809
0.267052 -0.034338 -0.071501
0.267101 -0.034763 -0.069884
0.267030 -0.035770 -0.067154
0.269592 -0.034634 -0.066576
0.271199 -0.035618 -0.063502
0.271053 -0.038350 -0.061498
0.269806 -0.037710 -0.062953
0.269380 -0.040670 -0.056242
