0.327679 -0.238483 0.081907
0.326941 -0.239922 0.075802
0.329676 -0.240175 0.074216
0.330275 -0.241167 0.067762
0.331456 -0.241023 0.065927
0.333085 -0.241514 0.064063
0.334054 -0.241666 0.061564
0.335271 -0.240718 0.062172
0.335081 -0.240126 0.062819
0.335151 -0.238803 0.064427
0.333890 -0.238977 0.065569
0.332444 -0.239351 0.065892
0.331331 -0.239716 0.066209
0.330619 -0.240160 0.065986
0.330973 -0.239779 0.065921
0.332873 -0.238647 0.065591
0.334483 -0.237372 0.065823
0.337355 -0.236331 0.064221
0.340771 -0.234891 0.064331
0.343803 -0.234238 0.063317
0.345894 -0.233785 0.062823
0.347948 -0.233296 0.060815
0.348194 -0.233441 0.059573
0.348077 -0.233353 0.058660
0.348392 -0.233220 0.058114
0.348379 -0.233097 0.059348
0.349260 -0.232606 0.060234
0.349941 -0.232184 0.061283
0.350334 -0.231966 0.062202
0.350819 -0.231901 0.062780
0.351334 -0.231412 0.063817
0.351294 -0.231232 0.063843
0.350705 -0.230880 0.064437
0.349513 -0.230804 0.064607
0.347210 -0.231141 0.063747
0.345315 -0.231180 0.062720
0.342794 -0.231137 0.062448
0.339037 -0.231826 0.061833
0.335885 -0.232102 0.061966
0.332147 -0.232498 0.062628
0.330572 -0.231538 0.064885
0.329617 -0.229948 0.067805
0.330221 -0.228483 0.070457
0.330951 -0.226923 0.073001
0.331683 -0.225647 0.074520
0.333489 -0.223835 0.076356
0.334279 -0.222677 0.078213
0.333247 -0.221315 0.080666
0.331359 -0.220035 0.083007
0.330072 -0.217562 0.087150
0.329177 -0.211608 0.093584
0.328668 -0.201008 0.103681
0.326989 -0.184844 0.114966
0.323733 -0.162184 0.133399
0.316700 -0.133300 0.152047
0.307618 -0.098648 0.173549
0.295708 -0.062102 0.190196
0.280925 -0.019372 0.208302
0.264796 0.028477 0.221429
0.248760 0.078924 0.230469
0.238833 0.124032 0.235744
0.229273 0.159174 0.240781
0.223829 0.190377 0.244076
0.221777 0.215031 0.247840
0.221805 0.236168 0.249926
0.223652 0.252932 0.253275
0.224741 0.263086 0.256077
0.224179 0.270154 0.255607
0.224439 0.272949 0.257120
0.228443 0.275165 0.256954
0.240415 0.277504 0.256122
0.255506 0.282677 0.255832
0.270129 0.286724 0.257243
0.280109 0.289619 0.255685
0.280212 0.289336 0.254651
0.268153 0.285295 0.254772
0.256630 0.278603 0.253785
0.250890 0.273757 0.250999
0.264818 0.270079 0.248442
0.298069 0.267133 0.245851
0.344152 0.255807 0.237691
0.394729 0.238384 0.226692
0.431640 0.222671 0.211916
0.454960 0.211429 0.199335
0.464248 0.213628 0.190404
0.458628 0.221289 0.186403
0.443067 0.237557 0.184714
0.418626 0.255164 0.185181
0.391844 0.271376 0.185760
0.363769 0.285777 0.182885
0.339799 0.294995 0.181498
0.318934 0.298235 0.178538
0.309427 0.299736 0.171860
0.313957 0.300216 0.165009
0.334035 0.297903 0.161065
0.364323 0.293384 0.162202
0.399666 0.277813 0.160361
0.438648 0.259217 0.161802
0.470354 0.241373 0.159493
0.489726 0.227762 0.159228
0.504810 0.223284 0.159677
0.508255 0.220799 0.163155
0.510494 0.219194 0.164826
0.510059 0.219043 0.166812
0.509202 0.216427 0.168216
0.508612 0.215647 0.168789
0.507461 0.212948 0.165917
0.507304 0.212409 0.159214
0.499863 0.216870 0.157425
0.488412 0.224601 0.153232
0.464901 0.236429 0.157406
0.433470 0.248246 0.164879
0.397398 0.252967 0.176294
0.362458 0.251790 0.182735
0.338378 0.244771 0.187495
0.328724 0.233419 0.189336
0.331232 0.216355 0.193533
0.342443 0.190498 0.196471
0.354198 0.157047 0.199764
0.367957 0.114676 0.197359
0.373982 0.069906 0.194334
0.375908 0.024315 0.183945
0.371090 -0.014182 0.170969
0.363998 -0.047758 0.155952
0.357844 -0.073412 0.142016
0.355658 -0.095824 0.128985
0.354632 -0.113498 0.119618
0.356263 -0.133353 0.109876
0.359287 -0.153150 0.096526
0.359738 -0.171885 0.085485
0.359558 -0.187875 0.074153
0.359040 -0.199919 0.067203
0.357898 -0.209795 0.062838
0.358527 -0.215328 0.061199
0.360308 -0.218759 0.058460
0.362222 -0.220340 0.057692
0.364448 -0.221312 0.055507
0.365309 -0.222944 0.054543
0.366388 -0.223987 0.052790
0.366808 -0.225949 0.050384
0.366445 -0.227835 0.047460
0.366216 -0.229017 0.045549
0.363737 -0.230847 0.045248
0.361470 -0.233029 0.044357
0.360515 -0.233918 0.045256
0.358482 -0.234595 0.048084
0.356833 -0.235319 0.052492
0.357693 -0.232844 0.056513
0.356300 -0.233951 0.061483
0.351851 -0.236504 0.066589
0.347913 -0.237281 0.064602
0.350781 -0.236449 0.075075
