0.322058 -0.373956 -0.093239
0.318864 -0.371716 -0.097637
0.320743 -0.369759 -0.095356
0.317511 -0.370262 -0.102343
0.317093 -0.368280 -0.101796
0.316037 -0.368599 -0.102220
0.315406 -0.368197 -0.103881
0.316524 -0.367617 -0.103845
0.316720 -0.367100 -0.103922
0.317656 -0.366441 -0.104128
0.318018 -0.366606 -0.103402
0.317720 -0.366878 -0.103547
0.317209 -0.367516 -0.103740
0.317035 -0.368049 -0.104176
0.317282 -0.368165 -0.105187
0.319071 -0.367344 -0.106534
0.320951 -0.366533 -0.107567
0.322736 -0.365233 -0.109347
0.325027 -0.364189 -0.109230
0.326502 -0.363369 -0.109330
0.328090 -0.362476 -0.108958
0.329100 -0.361550 -0.110657
0.329516 -0.360812 -0.111440
0.329362 -0.360772 -0.113159
0.329576 -0.360889 -0.114366
0.330276 -0.361307 -0.113644
0.331227 -0.361504 -0.113284
0.332327 -0.361408 -0.112441
0.333094 -0.361729 -0.111862
0.333509 -0.362223 -0.111517
0.333710 -0.362575 -0.111014
0.333472 -0.362473 -0.111378
0.332608 -0.362798 -0.111967
0.331417 -0.362559 -0.112368
0.328893 -0.362686 -0.114356
0.326214 -0.362607 -0.116695
0.323416 -0.362679 -0.118525
0.320196 -0.362759 -0.120312
0.317266 -0.362933 -0.121439
0.313671 -0.363889 -0.122382
0.312447 -0.363612 -0.121528
0.312020 -0.363051 -0.120473
0.312619 -0.362687 -0.118765
0.314380 -0.361752 -0.117086
0.316079 -0.360804 -0.116322
0.318085 -0.359731 -0.115299
0.320272 -0.359037 -0.114257
0.321380 -0.358728 -0.113914
0.320758 -0.359466 -0.114739
0.321946 -0.359580 -0.114148
0.322694 -0.359484 -0.115273
0.325911 -0.358242 -0.116435
0.328524 -0.356586 -0.121466
0.337224 -0.352679 -0.119073
0.350601 -0.345703 -0.116519
0.366142 -0.338812 -0.104722
0.380768 -0.332533 -0.092075
0.397817 -0.325804 -0.065984
0.411842 -0.318053 -0.033143
0.422437 -0.307929 0.010062
0.430350 -0.292858 0.055305
0.434365 -0.275149 0.099865
0.439174 -0.251666 0.138191
0.447069 -0.224413 0.166712
0.457947 -0.195452 0.186544
0.467647 -0.168056 0.198968
0.477198 -0.145485 0.204296
0.483491 -0.129314 0.206007
0.486987 -0.119600 0.205794
0.489754 -0.116647 0.202901
0.492481 -0.119942 0.193806
0.494395 -0.122371 0.187154
0.491756 -0.127728 0.185124
0.488888 -0.133516 0.183699
0.484334 -0.138697 0.185562
0.477119 -0.143412 0.190924
0.470633 -0.151256 0.193292
0.464309 -0.160320 0.192657
0.460377 -0.175368 0.182907
0.459253 -0.191968 0.169097
0.453205 -0.215605 0.149370
0.449000 -0.232615 0.132595
0.446425 -0.242951 0.120472
0.445942 -0.248309 0.112662
0.450626 -0.244305 0.107286
0.453601 -0.242539 0.104528
0.461053 -0.234277 0.102029
0.468990 -0.223857 0.101519
0.478052 -0.210849 0.104525
0.486613 -0.195780 0.108041
0.490149 -0.183953 0.117635
0.490255 -0.178644 0.124690
0.488376 -0.179021 0.127777
0.486084 -0.184824 0.127041
0.482025 -0.194616 0.119953
0.476149 -0.202858 0.118363
0.462461 -0.220214 0.117209
0.456204 -0.227183 0.119468
0.456090 -0.229091 0.116563
0.457877 -0.228612 0.113238
0.466657 -0.219556 0.107745
0.469727 -0.215912 0.103555
0.473632 -0.213155 0.097191
0.477769 -0.210939 0.089421
0.478404 -0.211999 0.084008
0.480575 -0.211773 0.078835
0.480010 -0.216612 0.072752
0.481065 -0.220748 0.064177
0.480445 -0.222582 0.060412
0.483189 -0.224289 0.049988
0.487223 -0.220211 0.041312
0.495775 -0.210411 0.031542
0.505392 -0.198160 0.025844
0.512682 -0.186558 0.020836
0.517041 -0.180436 0.019091
0.518178 -0.180630 0.010403
0.515605 -0.188068 -0.000874
0.511254 -0.197830 -0.022606
0.505598 -0.207838 -0.043645
0.498387 -0.217030 -0.069880
0.488960 -0.226816 -0.086036
0.476703 -0.238198 -0.103297
0.463217 -0.250511 -0.118077
0.445933 -0.264265 -0.132648
0.429698 -0.275700 -0.144741
0.414974 -0.285503 -0.153322
0.401508 -0.295577 -0.157122
0.388837 -0.305764 -0.156505
0.376230 -0.315134 -0.157210
0.364732 -0.324088 -0.153102
0.356475 -0.330820 -0.149649
0.351939 -0.335626 -0.142984
0.347921 -0.340672 -0.135241
0.345831 -0.343699 -0.128176
0.345409 -0.345100 -0.124474
0.345630 -0.345827 -0.121040
0.345817 -0.345767 -0.119731
0.344717 -0.347260 -0.117542
0.344625 -0.347411 -0.116546
0.343111 -0.348875 -0.115733
0.341584 -0.349680 -0.115881
0.340388 -0.350066 -0.115730
0.338355 -0.351362 -0.114954
0.336429 -0.353393 -0.114677
0.335550 -0.355408 -0.114228
0.335660 -0.356160 -0.111596
0.335664 -0.358006 -0.106986
0.339679 -0.356122 -0.106050
0.342270 -0.358202 -0.101174
0.342314 -0.363627 -0.097298
0.340191 -0.362167 -0.100134
0.339840 -0.367742 -0.088520
