0.467878 -0.780665 0.201768
0.466985 -0.783540 0.189009
0.472230 -0.784264 0.185611
0.474336 -0.786236 0.173477
0.476958 -0.785948 0.169685
0.480620 -0.786860 0.165502
0.482869 -0.787201 0.160877
0.485067 -0.785346 0.162240
0.484597 -0.784145 0.163654
0.484445 -0.781500 0.167189
0.481718 -0.781872 0.169475
0.478783 -0.782621 0.170171
0.476622 -0.783319 0.170850
0.475209 -0.784235 0.170551
0.475839 -0.783492 0.170617
0.479201 -0.781379 0.170302
0.481947 -0.778972 0.171143
0.487294 -0.777087 0.168146
0.493679 -0.774338 0.168330
0.499493 -0.773154 0.166089
0.503314 -0.772386 0.164857
0.507238 -0.771576 0.161098
0.507565 -0.771984 0.158635
0.507324 -0.771855 0.157111
0.507869 -0.771643 0.156184
0.507618 -0.771413 0.158511
0.509151 -0.770463 0.160212
0.510212 -0.769668 0.162123
0.510804 -0.769261 0.163895
0.511664 -0.769134 0.164869
0.512688 -0.768097 0.166878
0.512614 -0.767705 0.166832
0.511595 -0.766873 0.168018
0.509413 -0.766597 0.168302
0.505299 -0.767092 0.166787
0.502035 -0.766967 0.164881
0.497577 -0.766642 0.164648
0.490626 -0.767812 0.163572
0.484876 -0.768121 0.163928
0.478183 -0.768590 0.165468
0.475263 -0.766425 0.169913
0.473365 -0.763019 0.175666
0.474445 -0.759947 0.180738
0.475431 -0.756819 0.185717
0.476445 -0.754323 0.188851
0.479587 -0.750728 0.192505
0.480528 -0.748509 0.196120
0.478042 -0.745769 0.201301
0.474238 -0.743019 0.206252
0.471208 -0.737932 0.214904
0.469041 -0.725569 0.228630
0.466897 -0.703778 0.250216
0.462347 -0.670436 0.275138
0.452600 -0.623957 0.313132
0.433187 -0.565219 0.351132
0.409064 -0.494498 0.392897
0.379212 -0.419935 0.423739
0.342911 -0.332849 0.454247
0.304803 -0.235231 0.472216
0.268034 -0.132897 0.478280
0.244914 -0.043039 0.475911
0.223804 0.024939 0.473117
0.210926 0.083387 0.468868
0.203961 0.127078 0.468469
0.200266 0.162943 0.467362
0.200635 0.190373 0.470884
0.199463 0.205304 0.475434
0.195890 0.215840 0.474073
0.195037 0.219217 0.477222
0.202395 0.223259 0.477844
0.226516 0.229281 0.478429
0.257465 0.241000 0.479610
0.288961 0.251466 0.483102
0.310885 0.259251 0.479931
0.312643 0.260349 0.477091
0.289755 0.253549 0.475568
0.267847 0.241856 0.472659
0.257956 0.234584 0.466836
0.288615 0.231100 0.463953
0.358970 0.229320 0.462635
0.457806 0.211985 0.450784
0.565374 0.180045 0.432385
0.643631 0.149703 0.404439
0.692697 0.127489 0.380230
0.710422 0.131111 0.362774
0.697587 0.146558 0.355086
0.662334 0.178584 0.352503
0.608278 0.212767 0.353835
0.549026 0.243131 0.354667
0.487116 0.269198 0.347834
0.435600 0.285315 0.342396
0.391781 0.290579 0.334065
0.372475 0.293907 0.319118
0.382882 0.296246 0.304877
0.426335 0.294115 0.298129
0.491848 0.287211 0.300821
0.570611 0.259300 0.296302
0.654623 0.222402 0.298934
0.721140 0.185320 0.294657
0.761150 0.156843 0.295325
0.789672 0.145260 0.298206
0.795691 0.139338 0.306657
0.798956 0.135542 0.312317
0.796526 0.134719 0.318812
0.794415 0.129557 0.323134
0.792421 0.127876 0.326010
0.790234 0.123279 0.321629
0.789580 0.122900 0.310002
0.774149 0.132957 0.307466
0.749175 0.149328 0.301716
0.698372 0.173503 0.313543
0.629432 0.195871 0.332834
0.550496 0.202407 0.359336
0.474567 0.196871 0.374721
0.422628 0.180460 0.385895
0.401994 0.156877 0.392889
0.408236 0.123285 0.405619
0.433244 0.071976 0.418782
0.459831 0.004613 0.432249
0.491090 -0.081649 0.435416
0.506835 -0.172528 0.434001
0.515017 -0.264624 0.417797
0.509431 -0.341791 0.394989
0.500208 -0.408058 0.367435
0.492595 -0.458390 0.341441
0.492833 -0.502425 0.316346
0.495221 -0.536635 0.297646
0.503033 -0.575437 0.277017
0.513743 -0.614468 0.249231
0.518744 -0.651292 0.224949
0.521312 -0.683114 0.200240
0.521938 -0.707114 0.183822
0.521129 -0.726620 0.172572
0.523288 -0.737429 0.167105
0.527314 -0.744331 0.160536
0.531345 -0.747473 0.158057
0.536017 -0.749483 0.153292
0.538263 -0.752601 0.150681
0.540609 -0.754730 0.146867
0.542070 -0.758568 0.141700
0.541867 -0.762325 0.135747
0.541810 -0.764642 0.131780
0.537297 -0.768146 0.130846
0.533270 -0.772411 0.129008
0.531608 -0.774071 0.130695
0.527354 -0.775350 0.135868
0.524045 -0.776604 0.143999
0.524489 -0.771911 0.152156
0.520789 -0.774250 0.161008
0.511807 -0.779299 0.171392
0.504038 -0.780811 0.167440
0.510597 -0.778431 0.186946
