-0.266878 0.126139 0.285893
-0.267153 0.127393 0.283991
-0.267125 0.123804 0.288071
-0.267445 0.119650 0.290247
-0.267301 0.119318 0.293587
-0.267911 0.117667 0.295921
-0.269107 0.112656 0.298140
-0.269878 0.109171 0.301095
-0.271188 0.103876 0.303993
-0.272113 0.101272 0.306855
-0.273843 0.098566 0.307380
-0.274170 0.098162 0.308524
-0.274207 0.098469 0.309349
-0.274037 0.099608 0.310505
-0.273631 0.101541 0.310039
-0.272508 0.104261 0.309835
-0.270927 0.108095 0.309946
-0.268579 0.112949 0.310508
-0.266229 0.118373 0.310542
-0.264546 0.125121 0.307285
-0.262558 0.131174 0.302728
-0.261075 0.137124 0.295073
-0.259236 0.142343 0.287995
-0.258518 0.144248 0.278725
-0.257859 0.145110 0.270516
-0.257422 0.146870 0.262123
-0.254431 0.150565 0.254545
-0.249644 0.157413 0.250394
-0.240018 0.165675 0.240448
-0.222715 0.190516 0.221347
-0.186079 0.221360 0.193030
-0.131157 0.255898 0.157931
-0.072308 0.282987 0.128666
-0.005613 0.311430 0.109060
0.061078 0.358099 0.109141
0.130288 0.415076 0.120942
0.191706 0.468354 0.149545
0.251264 0.501193 0.184989
0.296386 0.512515 0.208927
0.313248 0.518621 0.207428
0.309003 0.522280 0.180993
0.288506 0.519718 0.144587
0.259408 0.507996 0.095514
0.221237 0.483076 0.049401
0.183475 0.453144 0.010869
0.145535 0.417178 -0.006633
0.112738 0.384330 -0.001339
0.089117 0.365145 0.014068
0.071845 0.365706 0.045193
0.065072 0.379951 0.081048
0.058647 0.400031 0.127945
0.061664 0.425670 0.188597
0.064421 0.436739 0.266370
0.080139 0.436405 0.340826
0.094839 0.421910 0.402714
0.105301 0.408196 0.436383
0.114772 0.404695 0.442483
0.121220 0.413588 0.419899
0.125560 0.424572 0.373339
0.123980 0.427259 0.306558
0.118483 0.415143 0.229709
0.104057 0.384218 0.164141
0.089772 0.356354 0.117044
0.070562 0.331596 0.085003
0.049124 0.319152 0.064278
0.028248 0.311627 0.048134
0.009121 0.310472 0.038179
-0.004035 0.308314 0.030682
-0.010451 0.304110 0.023294
-0.014956 0.300340 0.020567
-0.015641 0.298214 0.021663
-0.017174 0.298624 0.025953
-0.017860 0.304438 0.034666
-0.014584 0.320190 0.046985
-0.008812 0.343264 0.061822
0.001415 0.370431 0.077788
0.010279 0.394924 0.092523
0.024443 0.418449 0.105647
0.036430 0.436962 0.116843
0.045298 0.449624 0.132870
0.048071 0.453784 0.153531
0.036975 0.451120 0.172710
0.012123 0.438962 0.191748
-0.023823 0.419904 0.207093
-0.066779 0.393761 0.224426
-0.112281 0.358360 0.235845
-0.156854 0.318149 0.247457
-0.191978 0.275495 0.263849
-0.215642 0.240132 0.274271
-0.228974 0.210477 0.288644
-0.233694 0.192965 0.301727
-0.236873 0.178050 0.309245
-0.238512 0.165722 0.320206
-0.239712 0.157344 0.326261
-0.241601 0.151015 0.330330
-0.241795 0.144982 0.336559
-0.241589 0.140983 0.341321
-0.239161 0.143222 0.347494
-0.232312 0.151229 0.356425
-0.218789 0.172878 0.368708
-0.196056 0.200811 0.385437
-0.158493 0.242183 0.406754
-0.114940 0.280461 0.422933
-0.066649 0.320327 0.429339
-0.019407 0.356214 0.422053
0.015732 0.392766 0.385806
0.032261 0.422016 0.326885
0.033111 0.434345 0.249764
0.031495 0.427232 0.170035
0.013638 0.394994 0.107388
-0.010768 0.358647 0.057886
-0.030975 0.318645 0.029117
-0.043479 0.285333 0.010432
-0.045419 0.261268 0.002899
-0.042881 0.247190 0.001336
-0.037648 0.240280 0.002803
-0.031110 0.237746 0.004931
-0.025637 0.242363 0.010209
-0.015921 0.250979 0.019554
-0.002395 0.266024 0.032336
0.018890 0.285684 0.049217
0.043984 0.310410 0.066929
0.068478 0.342912 0.088161
0.097382 0.378820 0.112830
0.117477 0.416071 0.144237
0.134860 0.445435 0.179453
0.142828 0.467013 0.216093
0.139057 0.478602 0.247754
0.126400 0.480936 0.271651
0.108157 0.480152 0.271189
0.087139 0.475111 0.251352
0.070025 0.465535 0.215684
0.055142 0.451395 0.174702
0.047658 0.439394 0.140464
0.053375 0.440360 0.117030
0.069921 0.453893 0.106475
0.093664 0.474816 0.111940
0.121798 0.496773 0.127903
0.148354 0.510538 0.154600
0.177461 0.517934 0.190611
0.204641 0.516408 0.232806
0.227050 0.509608 0.271930
0.244074 0.500155 0.304758
0.258861 0.489982 0.331215
0.274352 0.482327 0.348676
0.289289 0.478076 0.355106
0.307646 0.475747 0.354678
0.324525 0.474609 0.348128
0.339546 0.473924 0.340105
0.350623 0.472547 0.331550
0.357543 0.471790 0.323219
0.359610 0.469717 0.318641
0.357914 0.467826 0.314607
0.357867 0.464577 0.312560
0.352621 0.460837 0.314608
0.348321 0.456295 0.314647
0.342723 0.450359 0.309133
0.333055 0.446583 0.292306
0.317698 0.446039 0.260915
0.292536 0.446193 0.220100
0.262018 0.449583 0.172854
0.232793 0.449557 0.139291
0.213886 0.452226 0.119930
0.212823 0.462336 0.115540
0.220479 0.477961 0.122845
0.233979 0.492710 0.130578
0.251367 0.500698 0.135176
0.264371 0.505357 0.130396
0.268969 0.504876 0.114248
0.269520 0.503037 0.100574
0.267357 0.501799 0.091884
0.266209 0.503054 0.099370
0.266408 0.505161 0.122292
0.274183 0.504745 0.151137
0.286589 0.498459 0.189716
0.304305 0.486530 0.220697
0.320684 0.467691 0.248925
0.332667 0.443695 0.262807
0.343227 0.411628 0.269009
0.340319 0.378626 0.268670
0.335093 0.346958 0.278786
0.327736 0.324879 0.291917
0.321291 0.318385 0.319405
0.312865 0.326146 0.360173
0.293345 0.335776 0.403847
0.270918 0.342307 0.446849
0.250024 0.338057 0.480511
0.229407 0.332939 0.496456
0.219798 0.331046 0.498240
0.199044 0.335698 0.485555
0.165269 0.340758 0.472809
0.112583 0.345661 0.463328
0.042694 0.336740 0.462285
-0.031113 0.314751 0.456386
-0.089204 0.293819 0.432708
-0.141252 0.261249 0.411137
