-0.230122 -0.047619 -0.066465
-0.225577 -0.046987 -0.071813
-0.225409 -0.047633 -0.069968
-0.225438 -0.046702 -0.071713
-0.226233 -0.045221 -0.071980
-0.227030 -0.044524 -0.072513
-0.226433 -0.044685 -0.071912
-0.225538 -0.045321 -0.071831
-0.225675 -0.045317 -0.072367
-0.225861 -0.045452 -0.072716
-0.226072 -0.045207 -0.074059
-0.226150 -0.044833 -0.075060
-0.226690 -0.044251 -0.076516
-0.227471 -0.043434 -0.077556
-0.227883 -0.042885 -0.077671
-0.228566 -0.042098 -0.078569
-0.229344 -0.041610 -0.078747
-0.230114 -0.040836 -0.079497
-0.230811 -0.040282 -0.079624
-0.231662 -0.039760 -0.079991
-0.232098 -0.039296 -0.080369
-0.232691 -0.038713 -0.080646
-0.233069 -0.038535 -0.080537
-0.233229 -0.038022 -0.080859
-0.233395 -0.037996 -0.080935
-0.233699 -0.037818 -0.081167
-0.233598 -0.037844 -0.081353
-0.233894 -0.037633 -0.081097
-0.233906 -0.037666 -0.080827
-0.234263 -0.037461 -0.080880
-0.234193 -0.037477 -0.081143
-0.235257 -0.036905 -0.081516
-0.236177 -0.036374 -0.082257
-0.236677 -0.035777 -0.082688
-0.237073 -0.035406 -0.084142
-0.237663 -0.034673 -0.085940
-0.238390 -0.034149 -0.086532
-0.238569 -0.033870 -0.088013
-0.238335 -0.033920 -0.088543
-0.239244 -0.033555 -0.088310
-0.239477 -0.033403 -0.088822
-0.239891 -0.033108 -0.089296
-0.240027 -0.033319 -0.088583
-0.239916 -0.033376 -0.088069
-0.240314 -0.033465 -0.087164
-0.240883 -0.033167 -0.087443
-0.241581 -0.032865 -0.087359
-0.242269 -0.032300 -0.087886
-0.242815 -0.031704 -0.088748
-0.243690 -0.030607 -0.090171
-0.244209 -0.029778 -0.091838
-0.244659 -0.028742 -0.093456
-0.244704 -0.028209 -0.095314
-0.245375 -0.027502 -0.097118
-0.246698 -0.026606 -0.098432
-0.248004 -0.025886 -0.100960
-0.249646 -0.025008 -0.103018
-0.252221 -0.023603 -0.105936
-0.255427 -0.022646 -0.106588
-0.256357 -0.022547 -0.105550
-0.256805 -0.023974 -0.099882
-0.257341 -0.026444 -0.085803
-0.255083 -0.030148 -0.066112
-0.250959 -0.033581 -0.037752
-0.246541 -0.034668 -0.007785
-0.242093 -0.031862 0.026538
-0.237756 -0.025132 0.057882
-0.234651 -0.012979 0.091014
-0.232248 0.001475 0.118900
-0.233299 0.018316 0.144453
-0.235704 0.033261 0.160855
-0.244294 0.046644 0.171183
-0.256230 0.055644 0.173350
-0.271319 0.059562 0.168500
-0.286219 0.057044 0.154584
-0.297439 0.045769 0.131235
-0.307755 0.033619 0.100876
-0.312416 0.019791 0.067315
-0.313655 0.009302 0.035615
-0.312376 0.001645 0.004704
-0.308699 -0.003918 -0.024394
-0.300415 -0.009153 -0.049549
-0.289207 -0.013841 -0.068785
-0.277079 -0.019084 -0.080018
-0.266039 -0.023204 -0.086422
-0.259078 -0.025730 -0.089121
-0.255041 -0.027065 -0.090196
-0.251994 -0.028119 -0.091683
-0.251234 -0.028470 -0.092101
-0.250588 -0.028918 -0.092254
-0.250893 -0.028589 -0.091706
-0.250537 -0.028983 -0.090751
-0.250323 -0.029399 -0.088825
-0.250675 -0.029698 -0.086492
-0.251256 -0.029839 -0.084787
-0.251244 -0.029533 -0.083465
-0.250530 -0.029678 -0.082874
-0.248225 -0.030372 -0.081867
-0.246224 -0.031162 -0.080737
-0.245344 -0.031635 -0.079383
-0.244072 -0.032178 -0.078489
-0.243892 -0.032420 -0.077204
-0.243800 -0.032655 -0.077100
-0.243840 -0.032868 -0.077281
-0.245072 -0.032732 -0.077212
-0.246337 -0.032427 -0.077192
-0.248141 -0.032042 -0.077164
-0.250999 -0.031030 -0.076548
-0.254049 -0.030007 -0.076253
-0.257049 -0.028627 -0.076657
-0.259072 -0.028276 -0.074704
-0.260225 -0.028055 -0.074693
-0.261905 -0.028120 -0.072991
-0.263607 -0.028273 -0.070277
-0.266159 -0.028474 -0.066449
-0.266941 -0.029421 -0.062200
-0.266469 -0.031239 -0.058545
-0.266054 -0.032404 -0.052672
-0.264412 -0.034610 -0.044522
-0.260843 -0.036093 -0.032425
-0.256246 -0.037821 -0.013390
-0.249690 -0.037925 0.012280
-0.242909 -0.034475 0.041422
-0.234784 -0.028726 0.069876
-0.223191 -0.019828 0.097921
-0.213419 -0.011405 0.119869
-0.206302 -0.005255 0.132108
-0.200537 -0.001068 0.140189
-0.195711 0.003724 0.146815
-0.190279 0.011977 0.158410
-0.185399 0.023476 0.171777
-0.182540 0.040124 0.189346
-0.180546 0.060058 0.205942
-0.183994 0.077474 0.218589
-0.189851 0.087463 0.224159
-0.200785 0.088042 0.222828
-0.215331 0.077471 0.211769
-0.228621 0.059406 0.193698
-0.241545 0.038249 0.168655
-0.250947 0.017646 0.137752
-0.263251 0.000599 0.102878
-0.272307 -0.010266 0.070120
-0.280512 -0.015350 0.043821
-0.287656 -0.018017 0.019400
-0.293699 -0.016685 0.002521
-0.298194 -0.014290 -0.018386
-0.301337 -0.010723 -0.035821
-0.301321 -0.008704 -0.053442
-0.300556 -0.007364 -0.066912
-0.299520 -0.005898 -0.075691
-0.295573 -0.010168 -0.073697
-0.295133 -0.013562 -0.057454
-0.293608 -0.016968 -0.035366
-0.290065 -0.018159 -0.000684
-0.281609 -0.015284 0.039531
-0.270721 -0.006202 0.082581
-0.250266 0.007617 0.125260
-0.228687 0.027157 0.162413
-0.208948 0.045220 0.186451
-0.200059 0.062017 0.202477
-0.198935 0.074700 0.211206
-0.204667 0.085420 0.217635
-0.217802 0.094513 0.219599
-0.233249 0.104081 0.220209
-0.250271 0.111297 0.217055
-0.271124 0.113444 0.209154
-0.291435 0.108147 0.193428
-0.307358 0.094380 0.172839
-0.319837 0.076974 0.146895
-0.328133 0.055540 0.114163
-0.332595 0.037164 0.080176
-0.332679 0.021082 0.046139
-0.330313 0.009218 0.014242
-0.324107 -0.000347 -0.010849
-0.315293 -0.007902 -0.031279
-0.302100 -0.016699 -0.046831
-0.289622 -0.022770 -0.057686
-0.278899 -0.027644 -0.064851
-0.270694 -0.031448 -0.068032
-0.264408 -0.034183 -0.069607
-0.259640 -0.036143 -0.069996
-0.255923 -0.037094 -0.072117
-0.254790 -0.036921 -0.074321
-0.251407 -0.036791 -0.079016
-0.249311 -0.036202 -0.084057
-0.248256 -0.035438 -0.088543
-0.247092 -0.034835 -0.093056
-0.246909 -0.034249 -0.095441
-0.247596 -0.033840 -0.097319
-0.248071 -0.033219 -0.098607
-0.249726 -0.032819 -0.098210
-0.249265 -0.033309 -0.098267
-0.248433 -0.033693 -0.099369
-0.244034 -0.037198 -0.097629
-0.244753 -0.036841 -0.097537
-0.241247 -0.041050 -0.092045
