-0.295586 -0.258196 0.062532
-0.288752 -0.258879 0.056166
-0.286108 -0.260442 0.057689
-0.284334 -0.260394 0.055312
-0.285767 -0.258557 0.055346
-0.287084 -0.258784 0.053004
-0.286455 -0.259766 0.052209
-0.285949 -0.261575 0.050042
-0.287584 -0.262616 0.046868
-0.289177 -0.263436 0.044512
-0.290906 -0.264326 0.040185
-0.292658 -0.264385 0.037377
-0.294847 -0.264471 0.033602
-0.297597 -0.263816 0.030992
-0.299394 -0.263146 0.030218
-0.301320 -0.262102 0.029011
-0.302602 -0.261218 0.029299
-0.304250 -0.260112 0.028624
-0.305363 -0.259328 0.028678
-0.306852 -0.258801 0.027877
-0.307819 -0.258283 0.027238
-0.308491 -0.257907 0.026483
-0.308802 -0.257828 0.026436
-0.309066 -0.257124 0.026434
-0.308566 -0.256677 0.027677
-0.308388 -0.255894 0.028983
-0.307792 -0.255039 0.030853
-0.306738 -0.254198 0.033191
-0.305763 -0.253678 0.035120
-0.305355 -0.252899 0.036597
-0.304218 -0.252937 0.036932
-0.304976 -0.252630 0.036258
-0.305627 -0.252118 0.035639
-0.305810 -0.251931 0.034642
-0.306436 -0.251949 0.032332
-0.308424 -0.251605 0.028960
-0.310392 -0.251503 0.026788
-0.310898 -0.251571 0.024428
-0.310072 -0.252011 0.023522
-0.310500 -0.251411 0.024516
-0.309626 -0.251068 0.025062
-0.308789 -0.250314 0.026216
-0.307713 -0.250046 0.028534
-0.305851 -0.249853 0.030501
-0.305043 -0.249380 0.033084
-0.303949 -0.249005 0.033821
-0.303979 -0.248216 0.035110
-0.303985 -0.247190 0.035735
-0.304628 -0.246251 0.035416
-0.305635 -0.244758 0.034612
-0.307421 -0.243875 0.032401
-0.308033 -0.242747 0.030859
-0.308680 -0.242290 0.028558
-0.309253 -0.241298 0.027297
-0.310309 -0.239818 0.027118
-0.309860 -0.238189 0.026985
-0.309147 -0.235729 0.028606
-0.306662 -0.232715 0.030359
-0.299921 -0.228579 0.037912
-0.286310 -0.223165 0.049768
-0.266753 -0.215031 0.069431
-0.242645 -0.200722 0.100421
-0.213475 -0.181099 0.135756
-0.183785 -0.152488 0.178159
-0.158340 -0.122719 0.215231
-0.139933 -0.093502 0.252441
-0.130268 -0.066529 0.285919
-0.123672 -0.038513 0.319706
-0.129010 -0.013712 0.352094
-0.140849 0.008051 0.382394
-0.160583 0.023461 0.404841
-0.189569 0.035102 0.420463
-0.220958 0.043228 0.426075
-0.258409 0.046750 0.423328
-0.294379 0.042458 0.409514
-0.327943 0.026550 0.384155
-0.353832 0.007337 0.350786
-0.371642 -0.021881 0.312313
-0.373892 -0.051014 0.276451
-0.370577 -0.082014 0.238973
-0.360275 -0.113060 0.200764
-0.351157 -0.143584 0.161691
-0.340171 -0.171079 0.126015
-0.329288 -0.193355 0.099348
-0.321850 -0.211115 0.077415
-0.315818 -0.222668 0.063405
-0.315117 -0.230149 0.052688
-0.314044 -0.235743 0.043634
-0.316978 -0.238872 0.037039
-0.318971 -0.241382 0.032049
-0.322060 -0.241846 0.029640
-0.324112 -0.242165 0.029286
-0.325459 -0.242543 0.030307
-0.328493 -0.242024 0.032379
-0.330364 -0.241223 0.034908
-0.332198 -0.240028 0.036564
-0.332634 -0.240518 0.035758
-0.330715 -0.242024 0.035039
-0.328224 -0.243752 0.034804
-0.326555 -0.245142 0.035020
-0.323991 -0.246256 0.035757
-0.322499 -0.246696 0.037579
-0.320668 -0.246760 0.039170
-0.318789 -0.246129 0.041760
-0.319064 -0.244106 0.045730
-0.318544 -0.241842 0.050087
-0.319163 -0.238700 0.055187
-0.319306 -0.234461 0.062083
-0.318665 -0.230088 0.068869
-0.317449 -0.223911 0.076590
-0.316273 -0.216490 0.088305
-0.310715 -0.208224 0.099256
-0.304668 -0.196265 0.114538
-0.294243 -0.182384 0.131168
-0.279110 -0.163407 0.150101
-0.260509 -0.139734 0.168143
-0.240593 -0.111486 0.182617
-0.219911 -0.081809 0.193698
-0.197649 -0.055236 0.201213
-0.176305 -0.028173 0.208529
-0.154260 -0.007487 0.218875
-0.131109 0.011897 0.233016
-0.110467 0.027127 0.251023
-0.091203 0.039175 0.269981
-0.072899 0.047874 0.293107
-0.058910 0.053230 0.312788
-0.049583 0.056645 0.324139
-0.038861 0.055833 0.329639
-0.033248 0.058508 0.336217
-0.029253 0.062898 0.350102
-0.034409 0.067674 0.373066
-0.046976 0.075452 0.402987
-0.065102 0.083680 0.432621
-0.084761 0.093360 0.453469
-0.104614 0.100295 0.464655
-0.123248 0.103801 0.465744
-0.141201 0.102316 0.454989
-0.153642 0.098356 0.434798
-0.160226 0.092201 0.404759
-0.162383 0.080340 0.369040
-0.165377 0.059619 0.331364
-0.171990 0.037560 0.300158
-0.183233 0.011322 0.278542
-0.204617 -0.018275 0.261004
-0.230293 -0.048767 0.247917
-0.257119 -0.071129 0.227277
-0.274649 -0.085915 0.206877
-0.283454 -0.093697 0.186819
-0.280799 -0.093132 0.172925
-0.266612 -0.087867 0.164031
-0.239610 -0.076539 0.166577
-0.210401 -0.051451 0.180565
-0.179830 -0.022452 0.193310
-0.152064 0.007634 0.212761
-0.125120 0.037682 0.234402
-0.105146 0.064846 0.263704
-0.083891 0.088306 0.301548
-0.067548 0.107578 0.343619
-0.056536 0.123419 0.375987
-0.057206 0.136440 0.400776
-0.065827 0.149183 0.416152
-0.088243 0.160907 0.432147
-0.126512 0.168017 0.446604
-0.174162 0.173864 0.458762
-0.224075 0.174138 0.463293
-0.276427 0.167848 0.458714
-0.323472 0.153964 0.442713
-0.364600 0.133729 0.418691
-0.396313 0.108255 0.388641
-0.420214 0.075684 0.351616
-0.432690 0.043052 0.315154
-0.439502 0.003251 0.277524
-0.437098 -0.038632 0.241345
-0.430275 -0.080213 0.207367
-0.420269 -0.119556 0.173127
-0.404596 -0.157134 0.140361
-0.390176 -0.188674 0.108546
-0.376855 -0.210443 0.084339
-0.369100 -0.225489 0.065881
-0.360854 -0.235439 0.054743
-0.355190 -0.242150 0.047049
-0.349068 -0.246579 0.040615
-0.346231 -0.247338 0.038070
-0.338981 -0.248669 0.033709
-0.333115 -0.249364 0.029112
-0.328848 -0.249081 0.026043
-0.326567 -0.248061 0.023076
-0.325168 -0.247113 0.022172
-0.325479 -0.247229 0.019590
-0.326540 -0.246796 0.017567
-0.328075 -0.247339 0.016294
-0.327238 -0.249301 0.013698
-0.325673 -0.251318 0.009911
-0.319261 -0.255891 0.010920
-0.319977 -0.254369 0.013328
-0.315743 -0.258479 0.019505
