0.157783 -0.168796 -0.198661
0.155762 -0.168321 -0.187583
0.148455 -0.174256 -0.186148
0.140656 -0.176833 -0.178913
0.133628 -0.183246 -0.170909
0.124250 -0.186246 -0.163536
0.111934 -0.192549 -0.159587
0.101236 -0.200536 -0.162322
0.088418 -0.210613 -0.167825
0.078562 -0.218894 -0.176433
0.074351 -0.224911 -0.186580
0.072260 -0.229670 -0.201219
0.075447 -0.232035 -0.215343
0.073624 -0.237057 -0.219818
0.072419 -0.243492 -0.219963
0.072001 -0.249674 -0.211043
0.062475 -0.262524 -0.198550
0.050334 -0.274278 -0.183763
0.039414 -0.278745 -0.174106
0.032083 -0.283899 -0.166088
0.027982 -0.279158 -0.162530
0.025061 -0.276435 -0.160437
0.025606 -0.273265 -0.157516
0.026020 -0.274895 -0.158410
0.030041 -0.277481 -0.157608
0.028909 -0.279870 -0.157936
0.030667 -0.287476 -0.159976
0.032811 -0.298117 -0.165314
0.038852 -0.304746 -0.170106
0.046041 -0.308959 -0.175161
0.054338 -0.310748 -0.178890
0.063360 -0.309699 -0.180187
0.068450 -0.308341 -0.177834
0.074598 -0.310889 -0.176790
0.074682 -0.308923 -0.177675
0.075861 -0.308316 -0.178562
0.074678 -0.310784 -0.180869
0.076314 -0.312558 -0.180137
0.075770 -0.314818 -0.178057
0.078677 -0.316573 -0.173191
0.083273 -0.319320 -0.165491
0.090089 -0.320186 -0.153992
0.095785 -0.321418 -0.142777
0.103007 -0.320462 -0.130243
0.106684 -0.318747 -0.118783
0.113732 -0.316248 -0.104341
0.120052 -0.313679 -0.088741
0.127785 -0.310515 -0.071423
0.134487 -0.304922 -0.058891
0.138487 -0.297437 -0.053039
0.143025 -0.289956 -0.052286
0.150193 -0.282544 -0.055340
0.155978 -0.274006 -0.064357
0.166638 -0.268307 -0.074210
0.179010 -0.262046 -0.086188
0.193894 -0.257832 -0.095172
0.208522 -0.256144 -0.105019
0.222295 -0.256344 -0.111069
0.234434 -0.250821 -0.114432
0.244198 -0.247339 -0.114379
0.249818 -0.241863 -0.113753
0.252015 -0.237083 -0.110993
0.250589 -0.235414 -0.108085
0.244392 -0.234776 -0.102804
0.235914 -0.235040 -0.100607
0.226797 -0.235312 -0.095809
0.218573 -0.233748 -0.096928
0.208182 -0.234110 -0.102122
0.200721 -0.235571 -0.108817
0.194075 -0.237505 -0.119194
0.189825 -0.243498 -0.130279
0.188189 -0.244906 -0.143421
0.189270 -0.247277 -0.153485
0.190173 -0.247281 -0.162547
0.196223 -0.241880 -0.164903
0.203052 -0.230710 -0.165352
0.207097 -0.220602 -0.164492
0.210713 -0.212962 -0.163958
0.211317 -0.208971 -0.164695
0.208713 -0.205287 -0.166495
0.200941 -0.206687 -0.172569
0.196263 -0.210949 -0.176916
0.188975 -0.214164 -0.183914
0.182155 -0.218007 -0.189793
0.176463 -0.221962 -0.195700
0.165771 -0.222871 -0.200351
0.158522 -0.223288 -0.207131
0.150635 -0.221085 -0.216029
0.146689 -0.217570 -0.221962
0.139356 -0.214868 -0.233332
0.137914 -0.216238 -0.238758
0.139123 -0.219554 -0.239704
0.141305 -0.220914 -0.240156
0.149469 -0.226050 -0.231623
0.161922 -0.230625 -0.221518
0.171849 -0.236667 -0.210714
0.179560 -0.240459 -0.202329
0.182782 -0.247839 -0.195982
0.181239 -0.251920 -0.199818
0.178736 -0.258051 -0.200375
0.172831 -0.261336 -0.202523
0.170232 -0.261355 -0.203438
0.168865 -0.255642 -0.202067
0.170936 -0.246983 -0.196367
0.180615 -0.234199 -0.185664
0.190316 -0.216268 -0.173382
0.202567 -0.198989 -0.158737
0.210533 -0.182869 -0.147917
0.212057 -0.169463 -0.138455
0.211998 -0.164584 -0.135170
0.212058 -0.166277 -0.134564
0.212000 -0.171528 -0.137409
0.210992 -0.178423 -0.143743
0.207563 -0.187878 -0.148187
0.204394 -0.196369 -0.149964
0.199919 -0.202052 -0.152233
0.195084 -0.207044 -0.152218
0.191184 -0.207237 -0.152468
0.186402 -0.207566 -0.151509
0.181833 -0.204970 -0.150688
0.179173 -0.200372 -0.148813
0.174630 -0.198256 -0.147669
0.170093 -0.192156 -0.145587
0.166907 -0.187787 -0.143668
0.162665 -0.182835 -0.140262
0.157237 -0.180418 -0.138723
0.153898 -0.179325 -0.136457
0.151355 -0.179941 -0.131998
0.148984 -0.182434 -0.128800
0.145018 -0.186568 -0.122908
0.141745 -0.192139 -0.117488
0.140945 -0.193350 -0.112879
0.141868 -0.195455 -0.107160
0.141410 -0.195946 -0.103494
0.144885 -0.197405 -0.103992
0.147322 -0.198441 -0.107169
0.148624 -0.201480 -0.110928
0.147666 -0.205157 -0.115424
0.146757 -0.208854 -0.117819
0.145513 -0.211262 -0.120595
0.146561 -0.211955 -0.120064
0.149769 -0.211050 -0.119498
0.152322 -0.210757 -0.119246
0.153696 -0.209728 -0.121050
0.157375 -0.208698 -0.120772
0.158894 -0.208957 -0.122509
0.159932 -0.210540 -0.124619
0.161837 -0.212156 -0.127556
0.162211 -0.213587 -0.132865
0.165358 -0.215197 -0.138104
0.168806 -0.213994 -0.142171
0.175057 -0.213384 -0.146525
0.182555 -0.209315 -0.146376
0.186922 -0.202555 -0.146351
0.187980 -0.196543 -0.147625
0.187962 -0.191713 -0.147478
0.183618 -0.188551 -0.148529
0.181332 -0.186828 -0.148952
0.179670 -0.189435 -0.151132
0.179647 -0.191799 -0.150773
0.179148 -0.200200 -0.153657
0.180225 -0.209205 -0.153247
0.174173 -0.223666 -0.156348
0.163177 -0.237830 -0.161924
0.155968 -0.249885 -0.166024
0.148498 -0.257090 -0.170401
0.141882 -0.260058 -0.172836
0.134046 -0.258945 -0.178104
0.128643 -0.256586 -0.180328
0.119993 -0.254434 -0.186026
0.115299 -0.250392 -0.191919
0.113758 -0.245880 -0.196059
0.112296 -0.241035 -0.200649
0.111188 -0.238034 -0.203184
0.112174 -0.235501 -0.205608
0.113611 -0.230467 -0.206711
0.114196 -0.227454 -0.206201
0.111116 -0.222870 -0.206486
0.104182 -0.219388 -0.207351
0.098329 -0.216434 -0.206282
0.092950 -0.214197 -0.203687
0.086376 -0.216425 -0.200157
0.078435 -0.216654 -0.193095
0.068152 -0.221634 -0.187056
0.064591 -0.225760 -0.180363
0.065084 -0.229903 -0.174916
0.064236 -0.237957 -0.174314
0.064673 -0.243002 -0.179024
0.066839 -0.246707 -0.188315
0.069054 -0.250032 -0.199664
0.072219 -0.252491 -0.210803
0.073417 -0.251772 -0.221099
0.071608 -0.252718 -0.227967
0.072673 -0.250994 -0.233249
0.068322 -0.250330 -0.238117
0.072917 -0.240272 -0.239897
