0.237202 -0.247836 0.160515
0.230817 -0.248074 0.158320
0.233714 -0.247664 0.158804
0.230945 -0.247828 0.156344
0.228316 -0.243287 0.161702
0.223213 -0.241496 0.162736
0.219404 -0.237758 0.165082
0.214998 -0.231859 0.170255
0.209272 -0.225020 0.175262
0.203560 -0.214597 0.183333
0.194249 -0.199936 0.192706
0.181316 -0.178731 0.206132
0.167346 -0.154290 0.218209
0.153183 -0.130874 0.226815
0.142026 -0.110490 0.232539
0.132805 -0.091601 0.237570
0.127907 -0.076001 0.241196
0.123564 -0.059373 0.244603
0.120498 -0.044131 0.247093
0.119609 -0.024397 0.250390
0.116854 -0.001756 0.253286
0.115594 0.023488 0.254840
0.114538 0.049824 0.257380
0.114041 0.082143 0.258802
0.114513 0.117108 0.260064
0.116318 0.157129 0.259963
0.120771 0.191593 0.258942
0.126420 0.224898 0.259406
0.133573 0.254149 0.258620
0.138315 0.277823 0.257790
0.142861 0.298183 0.254401
0.148302 0.317625 0.251999
0.156310 0.339271 0.247553
0.165008 0.359572 0.244317
0.174047 0.379146 0.243422
0.183821 0.399060 0.244161
0.196623 0.417841 0.241397
0.208410 0.435166 0.237897
0.218654 0.452693 0.233272
0.223713 0.466282 0.228405
0.230237 0.483446 0.224675
0.232485 0.498028 0.221293
0.230730 0.513677 0.215233
0.226191 0.525809 0.209669
0.224281 0.536646 0.203487
0.223191 0.544284 0.199643
0.222136 0.549123 0.196548
0.220825 0.553767 0.194719
0.221772 0.557596 0.192673
0.221748 0.561973 0.189396
0.219514 0.565281 0.187866
0.215696 0.568061 0.184423
0.211503 0.570153 0.181656
0.208469 0.570897 0.177976
0.206639 0.570866 0.175272
0.205546 0.568981 0.172082
0.205761 0.567728 0.168305
0.207101 0.564774 0.165721
0.209700 0.562837 0.162170
0.210659 0.560953 0.160282
0.209352 0.560205 0.157543
0.208173 0.560901 0.154160
0.206488 0.560200 0.155878
0.206605 0.562609 0.156184
0.203914 0.564128 0.154025
0.203492 0.565639 0.154153
0.203365 0.564297 0.153526
0.204627 0.560049 0.151985
0.206313 0.554452 0.152507
0.206967 0.548075 0.153420
0.204477 0.539569 0.155243
0.203795 0.530693 0.158846
0.202261 0.516403 0.164328
0.204826 0.500866 0.173370
0.206198 0.477746 0.185162
0.204891 0.447568 0.201536
0.201509 0.406652 0.221868
0.200916 0.356081 0.243730
0.197016 0.294675 0.264495
0.193724 0.230097 0.277538
0.192417 0.166984 0.282378
0.193872 0.110751 0.278483
0.200366 0.063315 0.271843
0.207143 0.016904 0.260032
0.213249 -0.019988 0.248489
0.220058 -0.054769 0.234921
0.225479 -0.082151 0.224987
0.228544 -0.108891 0.214017
0.229179 -0.130979 0.203351
0.229764 -0.151595 0.193241
0.228731 -0.169146 0.183712
0.232224 -0.183905 0.174211
0.233675 -0.198617 0.163186
0.239340 -0.208059 0.159023
0.237546 -0.216811 0.149261
0.245957 -0.224479 0.149475
