0.322013 -0.394893 0.009356
0.323031 -0.395654 0.007144
0.325575 -0.395074 0.007794
0.326650 -0.396166 0.003393
0.330583 -0.391929 0.009480
0.332489 -0.391365 0.010616
0.335930 -0.389037 0.012590
0.340915 -0.385440 0.017790
0.344403 -0.382798 0.020903
0.350906 -0.377662 0.027782
0.356544 -0.372496 0.034341
0.360817 -0.367350 0.044331
0.363671 -0.363764 0.053509
0.365116 -0.360651 0.063483
0.365329 -0.357023 0.072109
0.365875 -0.353460 0.082260
0.367724 -0.349364 0.089880
0.370736 -0.343521 0.099215
0.374366 -0.336385 0.108046
0.381220 -0.325433 0.119296
0.388242 -0.310922 0.135221
0.396295 -0.294415 0.150606
0.402276 -0.275585 0.167893
0.406908 -0.255476 0.186760
0.409866 -0.231975 0.207172
0.410949 -0.204426 0.229488
0.412923 -0.177676 0.245944
0.414019 -0.148145 0.261099
0.417434 -0.119895 0.270963
0.418034 -0.095833 0.278638
0.421010 -0.073042 0.283126
0.422513 -0.053070 0.287202
0.426624 -0.030461 0.288814
0.429236 -0.010344 0.290289
0.433107 0.012082 0.290117
0.433968 0.032597 0.291559
0.438198 0.050616 0.289510
0.440384 0.066978 0.288186
0.441315 0.085517 0.284954
0.439897 0.100856 0.284863
0.437970 0.121993 0.282267
0.434302 0.142224 0.279552
0.429649 0.165741 0.276524
0.424976 0.186114 0.273420
0.424221 0.204432 0.266434
0.424535 0.218456 0.259416
0.426340 0.228582 0.252528
0.426541 0.238075 0.247670
0.429085 0.245662 0.241385
0.430458 0.254041 0.234810
0.430227 0.261753 0.231070
0.429481 0.269112 0.227116
0.428604 0.275660 0.223541
0.428918 0.279394 0.220650
0.429192 0.280572 0.219257
0.431351 0.279158 0.217467
0.433965 0.277755 0.214583
0.438033 0.273708 0.212132
0.441777 0.269743 0.209553
0.444765 0.267963 0.206162
0.444483 0.267788 0.204909
0.444535 0.269921 0.202218
0.443488 0.270368 0.203061
0.442570 0.274295 0.200293
0.441339 0.278823 0.198629
0.439660 0.280827 0.199206
0.440204 0.278784 0.200395
0.441963 0.270639 0.204683
0.443068 0.259847 0.210939
0.443781 0.248653 0.217535
0.444158 0.237419 0.223641
0.445777 0.224274 0.229317
0.449905 0.205601 0.234161
0.456428 0.182619 0.237400
0.464861 0.151740 0.238975
0.473422 0.115626 0.239887
0.479339 0.069133 0.239191
0.487386 0.016684 0.230649
0.488386 -0.042237 0.220052
0.490137 -0.091359 0.201998
0.487906 -0.135188 0.179836
0.488251 -0.167449 0.156740
0.488172 -0.190071 0.133715
0.486491 -0.210344 0.110919
0.482222 -0.226434 0.093548
0.476542 -0.242380 0.076175
0.468482 -0.257714 0.064005
0.456385 -0.276969 0.050580
0.444291 -0.293357 0.039418
0.430690 -0.309134 0.028938
0.416868 -0.323955 0.019092
0.407072 -0.332900 0.010336
0.397323 -0.343453 0.000987
0.388605 -0.352128 -0.004819
0.381410 -0.356436 -0.011544
0.374475 -0.361259 -0.007948
