0.279414 -0.798827 0.339094
0.265621 -0.799402 0.334857
0.270880 -0.798796 0.336005
0.264521 -0.799285 0.331020
0.257765 -0.790388 0.340589
0.246361 -0.786947 0.341980
0.237246 -0.779582 0.346418
0.226367 -0.768011 0.355759
0.213175 -0.754281 0.365119
0.199019 -0.733633 0.379804
0.177601 -0.704043 0.397331
0.149028 -0.660827 0.422116
0.118764 -0.610624 0.444388
0.088563 -0.562521 0.459048
0.065073 -0.520605 0.468080
0.045573 -0.481980 0.475444
0.034670 -0.450378 0.480490
0.024534 -0.417106 0.484488
0.016848 -0.386969 0.486632
0.012650 -0.348389 0.489882
0.004459 -0.304773 0.490718
-0.000968 -0.256309 0.488888
-0.005322 -0.206105 0.488427
-0.008039 -0.143933 0.485227
-0.008221 -0.077253 0.480978
-0.005013 -0.001262 0.473219
0.003417 0.063092 0.465127
0.014558 0.124460 0.460656
0.028121 0.177191 0.455031
0.037561 0.219655 0.450142
0.045817 0.255537 0.441148
0.056474 0.290434 0.434598
0.071616 0.329059 0.424532
0.088667 0.365933 0.417305
0.105960 0.400599 0.415556
0.125870 0.436441 0.416819
0.151077 0.470479 0.411908
0.174761 0.502229 0.405260
0.195497 0.533714 0.396300
0.206268 0.557857 0.386221
0.220126 0.587718 0.378960
0.225395 0.612808 0.372361
0.222673 0.638850 0.360393
0.214009 0.658761 0.349599
0.209760 0.676123 0.338676
0.206731 0.688450 0.332714
0.203502 0.695809 0.328336
0.200185 0.703170 0.326122
0.200978 0.709187 0.323945
0.200062 0.716117 0.319117
0.195082 0.721074 0.317303
0.186959 0.724953 0.311358
0.178230 0.727442 0.306673
0.171603 0.727962 0.299900
0.167717 0.727403 0.294608
0.164813 0.723716 0.288397
0.164537 0.721240 0.281175
0.166169 0.716050 0.276387
0.170484 0.713033 0.269539
0.171295 0.709872 0.266458
0.168364 0.708634 0.260756
0.165700 0.709518 0.254285
0.162329 0.708179 0.257617
0.162541 0.712300 0.258943
0.157035 0.714365 0.255011
0.156499 0.717174 0.255120
0.156169 0.714915 0.253487
0.158644 0.708217 0.248967
0.162172 0.699645 0.248093
0.163717 0.689498 0.247960
0.158662 0.675039 0.249834
0.157313 0.659936 0.255626
0.153284 0.635400 0.265686
0.157272 0.609300 0.283811
0.158121 0.569850 0.308254
0.153637 0.516706 0.342735
0.145602 0.444396 0.385828
0.142867 0.353248 0.434944
0.135501 0.241240 0.482385
0.128875 0.119633 0.516128
0.127363 0.000284 0.533899
0.130754 -0.108316 0.534105
0.144604 -0.201014 0.528109
0.159559 -0.292400 0.511028
0.173922 -0.364730 0.492960
0.190235 -0.432923 0.470417
0.204461 -0.485976 0.453741
0.215150 -0.536736 0.435329
0.220691 -0.578597 0.416706
0.226609 -0.617530 0.399003
0.229190 -0.650487 0.382216
0.239872 -0.678890 0.365359
0.246243 -0.707398 0.345115
0.261231 -0.725193 0.339134
0.259790 -0.742239 0.320223
0.279995 -0.756998 0.320943
