0.240108 -0.066849 0.018676
0.240924 -0.063556 0.022703
0.241774 -0.060895 0.034003
0.241727 -0.059080 0.040139
0.243664 -0.056846 0.044810
0.247940 -0.054253 0.053807
0.254498 -0.048321 0.060710
0.259561 -0.042010 0.068854
0.269999 -0.032227 0.083469
0.283008 -0.015419 0.111089
0.298240 0.012580 0.141669
0.310356 0.041682 0.164018
0.320600 0.053417 0.164853
0.321946 0.057085 0.169328
0.327011 0.056117 0.162872
0.323505 0.054017 0.172174
0.327317 0.047369 0.161547
0.327977 0.035863 0.150116
0.320227 0.012825 0.133954
0.318585 -0.006289 0.102764
0.316132 -0.015070 0.082147
0.313498 -0.023515 0.055336
0.304230 -0.033140 0.033741
0.295936 -0.037549 0.020805
0.286333 -0.042837 0.006859
0.279865 -0.044317 0.002436
0.274981 -0.046150 -0.004905
0.269036 -0.048846 -0.007240
0.264283 -0.053467 0.000054
0.265445 -0.054129 0.017249
0.271670 -0.050780 0.037447
0.277705 -0.041631 0.068989
0.286299 -0.025641 0.102395
0.286869 -0.007170 0.137369
0.284659 0.014369 0.168449
0.277560 0.029184 0.190764
0.267352 0.038019 0.204670
0.260003 0.043461 0.213581
0.252902 0.043521 0.216973
0.249470 0.042351 0.218093
0.244956 0.040897 0.220194
0.241730 0.040838 0.223217
0.239187 0.040772 0.224538
0.238728 0.041210 0.224441
0.239975 0.041185 0.224760
0.239368 0.040133 0.224080
0.239789 0.041131 0.225644
0.235214 0.041209 0.228303
0.230897 0.042582 0.231140
0.222187 0.043142 0.234381
0.213270 0.044407 0.238249
0.205437 0.047124 0.241640
0.201070 0.048669 0.243915
0.196440 0.049838 0.246034
0.195795 0.048644 0.244722
0.193836 0.048789 0.245060
0.194755 0.048283 0.243880
0.195260 0.049911 0.244995
0.197363 0.054891 0.247639
0.198018 0.061349 0.252496
0.196772 0.066880 0.256588
0.196529 0.069034 0.258397
0.196664 0.068299 0.258421
0.197999 0.066372 0.257775
0.200139 0.065002 0.256585
0.201587 0.064269 0.256340
0.206058 0.065404 0.255583
0.210678 0.064710 0.254379
0.216125 0.064734 0.253175
0.221518 0.065229 0.251984
0.224430 0.066814 0.252150
0.226531 0.066059 0.251259
0.226716 0.064535 0.250772
0.228636 0.061186 0.248482
0.227290 0.056042 0.246283
0.229396 0.050263 0.242080
0.232146 0.043211 0.236334
0.234557 0.035613 0.229571
0.236288 0.025421 0.220292
0.238549 0.012726 0.207482
0.239675 -0.002708 0.189763
0.240227 -0.017373 0.171449
0.240944 -0.029780 0.152716
0.242865 -0.039175 0.135392
0.247120 -0.046583 0.115950
0.251737 -0.052847 0.092252
0.256441 -0.056328 0.074974
0.251053 -0.061841 0.058466
0.242809 -0.066007 0.054869
0.231033 -0.069778 0.053711
0.222303 -0.072692 0.049726
0.219718 -0.072739 0.045244
0.219768 -0.072966 0.040990
0.221466 -0.071783 0.039409
0.223889 -0.071474 0.037771
0.226511 -0.070020 0.039661
0.228025 -0.069274 0.041379
0.228664 -0.068595 0.044303
0.230438 -0.067715 0.044866
0.231921 -0.067367 0.045727
0.233452 -0.066331 0.046173
0.235600 -0.065830 0.045928
0.235872 -0.064948 0.047086
0.237540 -0.064554 0.046360
0.238236 -0.064129 0.046546
0.238751 -0.063900 0.045758
0.239611 -0.063161 0.046481
0.239323 -0.063080 0.047883
0.238902 -0.063140 0.048262
0.238212 -0.063366 0.050218
0.236967 -0.063184 0.052103
0.237187 -0.062959 0.054956
0.238299 -0.061427 0.056536
0.239559 -0.059747 0.062371
0.240657 -0.057845 0.066897
0.240883 -0.054649 0.077639
0.240435 -0.049473 0.095217
0.236071 -0.042531 0.116299
0.227332 -0.033144 0.140624
0.217474 -0.022118 0.163709
0.207930 -0.013094 0.179336
0.202434 -0.006157 0.190404
0.199011 -0.002405 0.195060
0.198783 0.001278 0.198279
0.200108 0.004284 0.199837
0.200689 0.008468 0.203695
0.198618 0.012921 0.207959
0.196303 0.015901 0.211397
0.190955 0.017999 0.214577
0.187610 0.017945 0.215164
0.188022 0.015114 0.212283
0.193106 0.011000 0.207361
0.202537 0.004314 0.197617
0.213419 -0.007061 0.179897
0.225347 -0.019532 0.159643
0.233974 -0.033585 0.132912
0.237659 -0.045107 0.108673
0.240110 -0.052548 0.085898
0.240702 -0.057952 0.068634
0.242208 -0.060948 0.052491
0.243953 -0.062419 0.042407
0.244696 -0.062974 0.032061
0.243781 -0.064165 0.023476
0.242765 -0.064689 0.017351
0.242123 -0.065137 0.013817
0.241484 -0.065145 0.010696
0.240685 -0.065201 0.010045
0.239178 -0.065579 0.009048
0.237971 -0.065616 0.008972
0.237480 -0.065512 0.009732
0.237771 -0.065798 0.009824
0.238607 -0.065378 0.009292
0.239348 -0.065515 0.010005
0.239389 -0.065705 0.009511
0.240262 -0.065202 0.008839
0.240204 -0.065031 0.006515
0.240017 -0.064740 0.000934
0.239881 -0.064906 -0.004156
0.241769 -0.063326 -0.008024
0.242685 -0.063001 -0.009002
0.242063 -0.063070 -0.008432
0.245426 -0.061809 -0.004482
0.249045 -0.060119 0.000912
0.253563 -0.058715 0.010536
0.260083 -0.054678 0.021912
0.268881 -0.047826 0.046622
0.275028 -0.034059 0.086248
0.275586 -0.013238 0.131243
0.275200 0.016262 0.172771
0.272792 0.048610 0.205363
0.268110 0.081813 0.230573
0.264649 0.110624 0.246428
0.264383 0.134514 0.255583
0.263513 0.148716 0.260585
0.268376 0.155280 0.260125
0.269736 0.158776 0.260080
0.272534 0.154482 0.257212
0.275785 0.147870 0.253085
0.280435 0.136224 0.246423
0.286049 0.117102 0.235349
0.289694 0.089161 0.219149
0.292621 0.055897 0.194399
0.293588 0.021857 0.162552
0.291172 -0.008649 0.125175
0.284797 -0.031682 0.088200
0.275085 -0.046245 0.058798
0.261318 -0.056355 0.043464
0.254104 -0.060794 0.031520
0.249193 -0.063145 0.024959
0.245089 -0.064469 0.020153
0.244243 -0.065281 0.011903
0.247816 -0.063534 0.008946
