0.267691 -0.279231 0.146475
0.272208 -0.273883 0.153025
0.266836 -0.269619 0.168187
0.265299 -0.264553 0.179511
0.270954 -0.254880 0.193932
0.272689 -0.239176 0.219308
0.274702 -0.220026 0.240457
0.276225 -0.193882 0.265976
0.282599 -0.158719 0.298040
0.284801 -0.099483 0.345887
0.290532 -0.029720 0.387333
0.303811 0.035342 0.413250
0.320137 0.065385 0.413964
0.326717 0.082408 0.417392
0.351771 0.096880 0.407667
0.354432 0.103019 0.414748
0.358022 0.103950 0.402494
0.361108 0.099060 0.389089
0.354474 0.065307 0.375351
0.352146 0.031866 0.346931
0.340280 0.004170 0.329627
0.335855 -0.039464 0.303217
0.334515 -0.091538 0.274307
0.334339 -0.137603 0.246003
0.345237 -0.187934 0.200964
0.343005 -0.222401 0.165222
0.332860 -0.242406 0.137691
0.317868 -0.250106 0.131719
0.291362 -0.250986 0.149896
0.269339 -0.236534 0.187287
0.238664 -0.198120 0.235944
0.199968 -0.135335 0.286650
0.162747 -0.046177 0.318063
0.134038 0.038401 0.329113
0.114988 0.106066 0.326572
0.101664 0.151374 0.318553
0.089591 0.177492 0.310255
0.080006 0.190343 0.304283
0.073282 0.195874 0.298980
0.071609 0.200552 0.292507
0.069433 0.204524 0.288146
0.068350 0.210001 0.282574
0.069938 0.216058 0.277730
0.072732 0.221567 0.270445
0.078671 0.226588 0.267262
0.082541 0.230230 0.262395
0.085773 0.234599 0.258037
0.081830 0.236082 0.254725
0.078352 0.238721 0.252577
0.067882 0.238311 0.251676
0.056857 0.237893 0.255513
0.047764 0.239628 0.258403
0.041830 0.239927 0.260126
0.036998 0.241112 0.259905
0.036880 0.240264 0.259806
0.034895 0.240219 0.262152
0.035653 0.239250 0.264320
0.036670 0.240748 0.270104
0.038258 0.244125 0.280437
0.039429 0.249555 0.292840
0.037008 0.252982 0.301770
0.037289 0.255764 0.302832
0.038988 0.257483 0.297760
0.043476 0.259911 0.287188
0.046727 0.261094 0.271155
0.050668 0.262821 0.257057
0.057709 0.265671 0.246324
0.064603 0.266460 0.241768
0.070600 0.266792 0.239213
0.076175 0.267534 0.239828
0.078222 0.268637 0.242634
0.080842 0.268385 0.245029
0.082251 0.267779 0.246171
0.087110 0.266526 0.246081
0.087972 0.262889 0.244172
0.090988 0.257728 0.243346
0.097946 0.253356 0.241737
0.103107 0.247083 0.243762
0.112014 0.239830 0.248301
0.124632 0.230031 0.252219
0.139744 0.214678 0.260169
0.154464 0.195171 0.269784
0.168647 0.171932 0.280329
0.178187 0.145550 0.289967
0.187652 0.110532 0.300282
0.193247 0.061573 0.305997
0.204944 0.003110 0.311649
0.210630 -0.071505 0.304377
0.222919 -0.154638 0.287138
0.233086 -0.225187 0.248758
0.236714 -0.268405 0.203636
0.241655 -0.288438 0.168502
0.243303 -0.296798 0.148438
0.247672 -0.298622 0.139693
0.253243 -0.297392 0.139257
0.256483 -0.293450 0.146340
0.257896 -0.288369 0.156726
0.255482 -0.283910 0.167267
0.255820 -0.278721 0.175371
0.254569 -0.274999 0.182020
0.253968 -0.271111 0.187042
0.254538 -0.268510 0.190017
0.252432 -0.265631 0.194231
0.252654 -0.263827 0.195563
0.252090 -0.261739 0.198066
0.252286 -0.260371 0.198780
0.252359 -0.258835 0.200587
0.251332 -0.257791 0.203263
0.250427 -0.257714 0.203850
0.248682 -0.257394 0.206561
0.245282 -0.256481 0.209478
0.242172 -0.252155 0.217374
0.234518 -0.241471 0.229075
0.221145 -0.221199 0.251563
0.203479 -0.188203 0.276239
0.173074 -0.142611 0.300941
0.140403 -0.086129 0.320715
0.108154 -0.025585 0.329723
0.082339 0.031532 0.332962
0.061348 0.082689 0.327539
0.048903 0.118800 0.319029
0.044574 0.143313 0.312629
0.040974 0.154739 0.306997
0.040693 0.159872 0.308075
0.040750 0.162132 0.308874
0.040047 0.164321 0.313712
0.037476 0.167905 0.318472
0.037868 0.172185 0.323974
0.035877 0.177153 0.327805
0.034422 0.177745 0.330043
0.037281 0.177160 0.327252
0.043168 0.170538 0.326801
0.055110 0.157767 0.327684
0.068872 0.131651 0.328440
0.087955 0.091085 0.335957
0.113288 0.029995 0.341699
0.146314 -0.037388 0.340613
0.185105 -0.106782 0.323032
0.218619 -0.163456 0.293536
0.247019 -0.206321 0.255083
0.263793 -0.234662 0.221678
0.274041 -0.250969 0.193294
0.278329 -0.259209 0.175015
0.279344 -0.263279 0.163719
0.278644 -0.265297 0.158046
0.277649 -0.265460 0.154799
0.275495 -0.266163 0.153580
0.272459 -0.267448 0.151670
0.269912 -0.268665 0.150220
0.269495 -0.269559 0.149515
0.270711 -0.270247 0.148805
0.272712 -0.271042 0.146183
0.275626 -0.272596 0.144174
0.280935 -0.274846 0.138871
0.286408 -0.276349 0.133288
0.293701 -0.279622 0.121791
0.298868 -0.282900 0.106492
0.301567 -0.286186 0.092951
0.303372 -0.285799 0.086373
0.298778 -0.285872 0.087858
0.288759 -0.283031 0.099440
0.280248 -0.273521 0.122660
0.268897 -0.253839 0.156728
0.252623 -0.217038 0.203234
0.229101 -0.157372 0.247064
0.204120 -0.080719 0.285209
0.184163 0.003783 0.315401
0.166423 0.091003 0.329780
0.154215 0.174133 0.323235
0.145901 0.239470 0.303702
0.135903 0.287166 0.281080
0.130651 0.320596 0.258942
0.126097 0.341606 0.241809
0.123038 0.353259 0.235509
0.126865 0.359269 0.236397
0.128775 0.363771 0.242570
0.134672 0.362268 0.252873
0.140090 0.357027 0.259427
0.147184 0.346474 0.261873
0.153044 0.326078 0.264312
0.155401 0.294094 0.265707
0.156241 0.251123 0.268474
0.157153 0.193948 0.280746
0.161385 0.116835 0.297247
0.178857 0.023947 0.307019
0.203261 -0.071444 0.296298
0.225179 -0.157121 0.268719
0.253404 -0.217574 0.225476
0.270208 -0.249622 0.189229
0.276958 -0.265273 0.164589
0.280100 -0.272677 0.145697
0.289970 -0.277278 0.130338
