0.352429 -0.861553 0.311791
0.361588 -0.850695 0.323365
0.349740 -0.842380 0.350641
0.346489 -0.832132 0.371685
0.357243 -0.812433 0.400101
0.358599 -0.780857 0.448732
0.359307 -0.742516 0.489802
0.359797 -0.689673 0.539034
0.367399 -0.619977 0.599632
0.364981 -0.504092 0.686032
0.368531 -0.370780 0.757953
0.389944 -0.248452 0.800029
0.418856 -0.191190 0.800448
0.431836 -0.157783 0.806002
0.482172 -0.127803 0.787438
0.489056 -0.115167 0.800368
0.495251 -0.111310 0.777918
0.501348 -0.116169 0.756119
0.491777 -0.177445 0.734736
0.488124 -0.238579 0.689180
0.464774 -0.291896 0.661648
0.457024 -0.378536 0.618649
0.459154 -0.482677 0.568286
0.463141 -0.576028 0.516941
0.491135 -0.678746 0.428109
0.489849 -0.749515 0.356386
0.471120 -0.790420 0.303167
0.442782 -0.805386 0.292480
0.389600 -0.806165 0.327812
0.342680 -0.776217 0.398031
0.274866 -0.697739 0.490786
0.190370 -0.570417 0.581533
0.107391 -0.390837 0.631897
0.046536 -0.222219 0.638095
0.007190 -0.090016 0.618281
-0.017487 -0.002100 0.591119
-0.037713 0.048844 0.567077
-0.054298 0.073502 0.550723
-0.064770 0.085261 0.538084
-0.066624 0.095719 0.524321
-0.068945 0.104430 0.514519
-0.069703 0.115489 0.501800
-0.065088 0.128140 0.491105
-0.058923 0.139634 0.475695
-0.047257 0.150078 0.469186
-0.038789 0.158225 0.459276
-0.032387 0.166753 0.449696
-0.038345 0.169545 0.441627
-0.043494 0.174460 0.435907
-0.060881 0.173215 0.432384
-0.079496 0.171708 0.438818
-0.094542 0.174268 0.443275
-0.104843 0.174211 0.446002
-0.112755 0.176247 0.444853
-0.112656 0.175359 0.445279
-0.115860 0.175353 0.450143
-0.114672 0.173768 0.455110
-0.112792 0.176038 0.466629
-0.110607 0.180900 0.486887
-0.108719 0.189073 0.510749
-0.113363 0.193634 0.527694
-0.112742 0.198302 0.529162
-0.109197 0.201905 0.518497
-0.100444 0.207494 0.496684
-0.094676 0.210532 0.463557
-0.087154 0.214236 0.434128
-0.074655 0.219839 0.411793
-0.062526 0.221561 0.402713
-0.052764 0.222144 0.397880
-0.043806 0.223323 0.399587
-0.041007 0.224759 0.405306
-0.036574 0.224435 0.410735
-0.033673 0.223542 0.413357
-0.024427 0.222278 0.414291
-0.021830 0.216654 0.411355
-0.016438 0.208193 0.411509
-0.003074 0.202051 0.410706
0.006790 0.192169 0.417816
0.024898 0.181534 0.431391
0.050578 0.166694 0.445241
0.082213 0.141614 0.469608
0.113097 0.107472 0.498268
0.142772 0.064488 0.528952
0.161982 0.013552 0.557249
0.179829 -0.056114 0.588067
0.189496 -0.155323 0.610871
0.211651 -0.276144 0.631259
0.226531 -0.429822 0.624020
0.256516 -0.602471 0.590315
0.283997 -0.748784 0.510566
0.296089 -0.838066 0.418635
0.307930 -0.879569 0.347089
0.311360 -0.896826 0.307370
0.319668 -0.900745 0.290016
0.330122 -0.898329 0.289700
0.335565 -0.890463 0.303622
0.337730 -0.880074 0.324571
0.332301 -0.870970 0.345356
0.332106 -0.860348 0.361989
0.328701 -0.852773 0.375443
0.326682 -0.844867 0.385626
0.326767 -0.839673 0.391862
0.322246 -0.833786 0.400032
0.321870 -0.830184 0.402991
0.320347 -0.825930 0.408033
0.320540 -0.823106 0.409669
0.320252 -0.820068 0.413087
0.318240 -0.817945 0.418013
0.316571 -0.817763 0.418992
0.313238 -0.817133 0.423793
0.306751 -0.815212 0.429040
0.300015 -0.806344 0.444607
0.283414 -0.784271 0.468283
0.254583 -0.742414 0.513065
0.216979 -0.673892 0.562368
0.152999 -0.579584 0.609009
0.084530 -0.463597 0.642057
0.018943 -0.339839 0.650919
-0.030902 -0.224495 0.646099
-0.070144 -0.122466 0.623972
-0.091557 -0.050820 0.598945
-0.097931 -0.003030 0.580234
-0.103728 0.019249 0.566106
-0.104196 0.028506 0.566656
-0.104803 0.032374 0.567540
-0.106654 0.035160 0.575798
-0.111104 0.040964 0.583857
-0.109145 0.048531 0.593787
-0.110599 0.057883 0.600405
-0.111914 0.059092 0.604883
-0.106074 0.059237 0.600407
-0.096163 0.047046 0.601474
-0.075760 0.023483 0.607574
-0.052104 -0.025860 0.616932
-0.017903 -0.105716 0.641787
0.031112 -0.227660 0.666089
0.098680 -0.364085 0.675211
0.178966 -0.506047 0.649066
0.249028 -0.622589 0.595611
0.307922 -0.711039 0.522553
0.342245 -0.769912 0.457188
0.363446 -0.803603 0.402351
0.372957 -0.820331 0.368130
0.375663 -0.828519 0.347257
0.374539 -0.832560 0.337080
0.372810 -0.832757 0.331787
0.368712 -0.834117 0.329697
0.363136 -0.836598 0.326304
0.358423 -0.839003 0.323511
0.357799 -0.840836 0.321845
0.360178 -0.842300 0.320353
0.363947 -0.844076 0.315074
0.369645 -0.847427 0.310609
0.380746 -0.852137 0.299827
0.391780 -0.855406 0.288456
0.407117 -0.862248 0.265547
0.418112 -0.869088 0.235878
0.423849 -0.875980 0.210040
0.426685 -0.875507 0.198084
0.416533 -0.875830 0.202121
0.395848 -0.869777 0.226125
0.376185 -0.850278 0.273261
0.350444 -0.809520 0.342259
0.313859 -0.733078 0.435287
0.261029 -0.609349 0.521808
0.203874 -0.451682 0.589626
0.158529 -0.280638 0.633529
0.120659 -0.107626 0.641671
0.094625 0.053024 0.608216
0.077953 0.174690 0.551248
0.058817 0.259235 0.491628
0.049181 0.315732 0.437297
0.039476 0.348196 0.396742
0.033273 0.365693 0.381216
0.038797 0.374805 0.383158
0.042086 0.382579 0.396004
0.053184 0.381447 0.418712
0.063159 0.373495 0.433974
0.075865 0.357114 0.442009
0.085669 0.323460 0.452018
0.089131 0.269800 0.462711
0.089977 0.195220 0.480095
0.091907 0.090759 0.521065
0.102427 -0.057316 0.573563
0.142614 -0.241776 0.611980
0.198975 -0.435011 0.604244
0.252132 -0.610233 0.554863
0.315146 -0.734922 0.470346
0.352955 -0.801002 0.398049
0.369322 -0.833059 0.348590
0.376423 -0.848255 0.312533
0.395286 -0.858403 0.281749
