0.294569 -0.416033 0.043706
0.295964 -0.409489 0.049987
0.297166 -0.404534 0.069158
0.297039 -0.401106 0.079320
0.299998 -0.397013 0.087285
0.306682 -0.392940 0.101557
0.316924 -0.382327 0.112744
0.324840 -0.371088 0.125529
0.340969 -0.354632 0.149523
0.361219 -0.327749 0.193494
0.384700 -0.282048 0.242618
0.403673 -0.235152 0.277210
0.419828 -0.216297 0.277883
0.421828 -0.210903 0.285634
0.430233 -0.213313 0.273925
0.424180 -0.217957 0.291516
0.430840 -0.230000 0.272478
0.431849 -0.248740 0.254821
0.419936 -0.287537 0.228353
0.417723 -0.318619 0.176986
0.414119 -0.332258 0.142504
0.410124 -0.345079 0.098662
0.395624 -0.360175 0.063645
0.382583 -0.366143 0.044539
0.367571 -0.374373 0.020930
0.357399 -0.375945 0.014907
0.349707 -0.378731 0.004040
0.340345 -0.383200 0.000983
0.332794 -0.391825 0.013485
0.334512 -0.393583 0.041339
0.344103 -0.388660 0.074395
0.353440 -0.373852 0.124942
0.366567 -0.347759 0.179485
0.367132 -0.317815 0.235871
0.363113 -0.282371 0.286583
0.351494 -0.258420 0.323054
0.335179 -0.243730 0.345590
0.323285 -0.234614 0.360456
0.312022 -0.234332 0.366058
0.306479 -0.236144 0.368222
0.299254 -0.238814 0.371975
0.293999 -0.239366 0.377286
0.289949 -0.239560 0.379523
0.289290 -0.238704 0.379191
0.291114 -0.238846 0.380029
0.290191 -0.240545 0.378902
0.290694 -0.239087 0.381743
0.283411 -0.239242 0.386202
0.276503 -0.236983 0.390939
0.262806 -0.236194 0.396103
0.248615 -0.234170 0.402603
0.236211 -0.229553 0.408112
0.229198 -0.226994 0.411997
0.221710 -0.224991 0.415754
0.220704 -0.226605 0.413637
0.217554 -0.226212 0.414289
0.219078 -0.226828 0.412232
0.219884 -0.224284 0.413957
0.223151 -0.216060 0.418086
0.223956 -0.205731 0.426118
0.221776 -0.196755 0.432914
0.221298 -0.193405 0.435950
0.221563 -0.194950 0.435976
0.223701 -0.198496 0.434984
0.227140 -0.200814 0.432992
0.229432 -0.202269 0.432625
0.236540 -0.200264 0.431215
0.243896 -0.201654 0.429166
0.252508 -0.201715 0.427168
0.261084 -0.201055 0.425088
0.265697 -0.198608 0.425267
0.269040 -0.199988 0.423804
0.269375 -0.202808 0.423008
0.272453 -0.208467 0.419327
0.270419 -0.217254 0.415784
0.273902 -0.227009 0.408853
0.278440 -0.238774 0.399371
0.282535 -0.251434 0.388047
0.285591 -0.268235 0.372637
0.289545 -0.289149 0.351396
0.291841 -0.314400 0.321918
0.293003 -0.338384 0.291989
0.294431 -0.358647 0.261256
0.297657 -0.373949 0.232995
0.304577 -0.385695 0.201390
0.312191 -0.395344 0.162496
0.319677 -0.400828 0.134782
0.311327 -0.409550 0.108168
0.298240 -0.416549 0.103081
0.279691 -0.422778 0.101412
0.265859 -0.427515 0.095774
0.261912 -0.427093 0.088530
0.261990 -0.427289 0.081975
0.264695 -0.424900 0.079649
0.268546 -0.424418 0.076811
0.272692 -0.421769 0.079840
0.275069 -0.420475 0.082606
0.276044 -0.419301 0.087411
0.278863 -0.417715 0.088224
0.281191 -0.417219 0.089539
0.283646 -0.415297 0.090123
0.287041 -0.414507 0.089603
0.287508 -0.412810 0.091362
0.290164 -0.412165 0.090005
0.291286 -0.411401 0.090187
0.292145 -0.410966 0.088671
0.293511 -0.409599 0.089815
0.293049 -0.409495 0.092069
0.292396 -0.409601 0.092612
0.291276 -0.410117 0.095829
0.289309 -0.409730 0.098912
0.289557 -0.409464 0.103899
0.291347 -0.406590 0.106346
0.293210 -0.403732 0.116193
0.294968 -0.400437 0.123226
0.295245 -0.395064 0.140582
0.294370 -0.386704 0.169025
0.287278 -0.375387 0.203217
0.273251 -0.360166 0.242628
0.257363 -0.342321 0.280303
0.242037 -0.327495 0.305908
0.233214 -0.316575 0.323840
0.227789 -0.310395 0.331294
0.227432 -0.304179 0.336334
0.229484 -0.298747 0.338812
0.230329 -0.291774 0.345013
0.226927 -0.284148 0.352033
0.223207 -0.279308 0.357633
0.214711 -0.275978 0.362886
0.209430 -0.276123 0.363899
0.210139 -0.280690 0.359235
0.218364 -0.287620 0.350922
0.233500 -0.298417 0.334730
0.251113 -0.316840 0.305332
0.270307 -0.337759 0.271929
0.284278 -0.361034 0.228112
0.290296 -0.380279 0.188666
0.294351 -0.392279 0.151624
0.295352 -0.401271 0.123830
0.297831 -0.406089 0.097573
0.300626 -0.408595 0.081126
0.301889 -0.409241 0.064128
0.300485 -0.411184 0.050244
0.298929 -0.411933 0.040218
0.297930 -0.412681 0.034528
0.296947 -0.412552 0.029500
0.295691 -0.412556 0.028601
0.293322 -0.413133 0.027124
0.291420 -0.413065 0.027212
0.290639 -0.412801 0.028619
0.291079 -0.413426 0.028810
0.292405 -0.412652 0.027915
0.293544 -0.413030 0.029161
0.293594 -0.413419 0.028467
0.294977 -0.412481 0.027397
0.294897 -0.412097 0.023730
0.294660 -0.411449 0.014448
0.294450 -0.411797 0.006337
0.297458 -0.408822 0.000066
0.298866 -0.408310 -0.001065
0.297893 -0.408362 -0.000161
0.303138 -0.406165 0.006553
0.308800 -0.403151 0.015403
0.315831 -0.400961 0.031060
0.326020 -0.393925 0.049501
0.339724 -0.382681 0.089137
0.349139 -0.360021 0.152830
0.349652 -0.326295 0.225197
0.348417 -0.278144 0.292586
0.344136 -0.225682 0.344960
0.336151 -0.171538 0.385677
0.330270 -0.124728 0.411047
0.329562 -0.086224 0.425636
0.327949 -0.063380 0.433818
0.335647 -0.053107 0.432932
0.337784 -0.047443 0.432735
0.342381 -0.054429 0.427814
0.347808 -0.065257 0.420669
0.355389 -0.083931 0.409598
0.364676 -0.114911 0.391264
0.370840 -0.160091 0.365044
0.376062 -0.214310 0.324707
0.378107 -0.270241 0.273127
0.374684 -0.320546 0.212605
0.364845 -0.358471 0.152958
0.349641 -0.382151 0.106036
0.327942 -0.398853 0.082342
0.316615 -0.406042 0.063479
0.308873 -0.409827 0.053456
0.302471 -0.411828 0.045604
0.301205 -0.413196 0.031872
0.306857 -0.410028 0.027102
