-0.278726 0.084666 -0.269531
-0.279293 0.079568 -0.263482
-0.283419 0.073274 -0.263945
-0.281983 0.070470 -0.267241
-0.282198 0.067525 -0.268476
-0.282215 0.068264 -0.269701
-0.282085 0.068862 -0.269191
-0.282902 0.068565 -0.266310
-0.283162 0.068764 -0.265440
-0.284005 0.068691 -0.264572
-0.283961 0.071380 -0.263638
-0.284169 0.072499 -0.261373
-0.284012 0.073683 -0.260135
-0.283900 0.074379 -0.259054
-0.283499 0.075598 -0.258648
-0.283159 0.077295 -0.257645
-0.282863 0.078979 -0.256061
-0.282044 0.081539 -0.255683
-0.281036 0.084160 -0.255679
-0.280590 0.086993 -0.256422
-0.279738 0.088209 -0.257316
-0.278630 0.090611 -0.260473
-0.276720 0.094414 -0.262977
-0.274909 0.097439 -0.265230
-0.274437 0.102077 -0.265034
-0.273313 0.105237 -0.264587
-0.272842 0.108546 -0.263856
-0.272322 0.107967 -0.263997
-0.271891 0.106619 -0.264652
-0.271542 0.107968 -0.264695
-0.271307 0.107091 -0.267187
-0.271681 0.103692 -0.272675
-0.269567 0.105794 -0.280402
-0.266889 0.106069 -0.284510
-0.266944 0.100964 -0.286005
-0.268666 0.099312 -0.288386
-0.268853 0.098151 -0.286929
-0.269573 0.093407 -0.288910
-0.267773 0.093552 -0.289371
-0.265816 0.092569 -0.291113
-0.264995 0.092678 -0.290525
-0.262309 0.096649 -0.292059
-0.261064 0.100934 -0.292774
-0.258511 0.103254 -0.289752
-0.257779 0.108643 -0.286219
-0.254399 0.115793 -0.277672
-0.252191 0.119989 -0.272048
-0.247330 0.122653 -0.260719
-0.245250 0.122599 -0.250740
-0.240855 0.118322 -0.242768
-0.236534 0.112347 -0.237969
-0.233001 0.106378 -0.235225
-0.233423 0.096906 -0.236967
-0.234010 0.089978 -0.241570
-0.234131 0.082780 -0.251737
-0.234492 0.080241 -0.257831
-0.233329 0.084342 -0.267474
-0.232518 0.087816 -0.275496
-0.230490 0.094912 -0.280533
-0.226454 0.102922 -0.285128
-0.220218 0.118068 -0.284822
-0.206908 0.141083 -0.276804
-0.188445 0.165862 -0.266333
-0.169639 0.187061 -0.247742
-0.153756 0.200111 -0.228574
-0.140813 0.207496 -0.217893
-0.140506 0.208988 -0.211177
-0.146068 0.207335 -0.205097
-0.151956 0.205609 -0.202425
-0.157635 0.205382 -0.202897
-0.162312 0.204012 -0.203703
-0.159335 0.209269 -0.204855
-0.153254 0.217700 -0.208349
-0.144830 0.229004 -0.209955
-0.134755 0.240427 -0.211347
-0.130522 0.250530 -0.213723
-0.131625 0.256917 -0.216378
-0.140122 0.259295 -0.219440
-0.150564 0.259658 -0.221925
-0.165942 0.254656 -0.226821
-0.178890 0.247500 -0.229156
-0.194523 0.231600 -0.231304
-0.209363 0.210722 -0.232215
-0.221633 0.187925 -0.231113
-0.233188 0.167017 -0.233468
-0.242061 0.147985 -0.236082
-0.249550 0.134635 -0.237520
-0.256662 0.123483 -0.239685
-0.262231 0.112771 -0.244011
-0.267235 0.103458 -0.245339
-0.269551 0.098258 -0.247666
-0.272630 0.091372 -0.249418
-0.273995 0.089871 -0.250315
-0.276195 0.086791 -0.250600
-0.276642 0.085868 -0.252470
-0.276372 0.086100 -0.254559
-0.275769 0.087374 -0.256453
-0.275935 0.086993 -0.259516
-0.274118 0.090178 -0.262294
-0.271058 0.095478 -0.265721
-0.266616 0.104080 -0.268957
-0.261912 0.110088 -0.272082
-0.256714 0.117512 -0.273781
-0.252179 0.123321 -0.273585
-0.247951 0.130124 -0.274518
-0.244678 0.134678 -0.271162
-0.242717 0.139795 -0.264346
-0.243173 0.142316 -0.255378
-0.243245 0.147376 -0.246181
-0.241627 0.155064 -0.237379
-0.243126 0.160423 -0.229052
-0.242535 0.168747 -0.219916
-0.241897 0.172284 -0.212831
-0.238199 0.178256 -0.209175
-0.236010 0.182415 -0.206756
-0.233467 0.184597 -0.207522
-0.234090 0.183996 -0.209163
-0.234971 0.181831 -0.209559
-0.236208 0.177100 -0.214725
-0.239281 0.169189 -0.223410
-0.242242 0.159249 -0.232414
-0.245746 0.147245 -0.244782
-0.248985 0.136241 -0.254273
-0.252613 0.127060 -0.262073
-0.256737 0.118572 -0.268668
-0.261303 0.112696 -0.274023
-0.262979 0.111774 -0.276096
-0.264167 0.112682 -0.275220
-0.262067 0.118155 -0.274838
-0.261493 0.122231 -0.272299
-0.260189 0.128871 -0.271050
-0.257134 0.133705 -0.267627
-0.255124 0.138870 -0.264028
-0.252415 0.142663 -0.258840
-0.252929 0.143219 -0.254943
-0.255251 0.140475 -0.250073
-0.258720 0.131173 -0.249850
-0.261168 0.122746 -0.252887
-0.264383 0.110575 -0.253453
-0.266247 0.102085 -0.257630
-0.266298 0.094070 -0.260217
-0.267317 0.086079 -0.265183
-0.267442 0.079337 -0.269458
-0.267375 0.073957 -0.275860
-0.267695 0.070154 -0.280200
-0.267964 0.067399 -0.283955
-0.266890 0.066645 -0.289708
-0.266764 0.065966 -0.292999
-0.265521 0.068669 -0.296667
-0.264695 0.069227 -0.299567
-0.263541 0.072663 -0.299636
-0.261594 0.077628 -0.298012
-0.260690 0.082374 -0.295525
-0.259754 0.088281 -0.290740
-0.259014 0.093274 -0.286055
-0.259606 0.094475 -0.278826
-0.260118 0.097384 -0.276347
-0.259800 0.097593 -0.273683
-0.261497 0.097308 -0.271188
-0.260821 0.097017 -0.272431
-0.261313 0.096409 -0.273850
-0.259523 0.104603 -0.271492
-0.257271 0.108780 -0.275340
-0.255708 0.114398 -0.274466
-0.253920 0.114985 -0.276803
-0.254563 0.113523 -0.276196
-0.254749 0.111068 -0.275610
-0.254670 0.107010 -0.275640
-0.255592 0.102282 -0.274654
-0.254807 0.099162 -0.274921
-0.255134 0.097663 -0.272712
-0.255273 0.098161 -0.270675
-0.255375 0.097452 -0.269243
-0.255740 0.096634 -0.266402
-0.255937 0.094366 -0.263571
-0.256932 0.090940 -0.263635
-0.257668 0.087793 -0.262920
-0.261645 0.081048 -0.262793
-0.262501 0.078536 -0.262404
-0.264798 0.072260 -0.266412
-0.264914 0.069405 -0.273338
-0.263656 0.065197 -0.281047
-0.262359 0.064450 -0.284881
-0.262734 0.061321 -0.287697
-0.260153 0.064409 -0.290057
-0.259333 0.065761 -0.292271
-0.256193 0.071374 -0.295486
-0.256235 0.073533 -0.296069
-0.259208 0.071351 -0.295993
-0.264473 0.064364 -0.296074
-0.269821 0.059387 -0.291321
-0.275960 0.051033 -0.286874
-0.278152 0.047799 -0.284868
-0.280441 0.054071 -0.285433
-0.279246 0.051971 -0.284640
-0.279815 0.055936 -0.284297
